#Frame            all
       1       0.0000
       2       1.0152
       3       1.2063
       4       1.3392
       5       1.2759
       6       1.2151
       7       1.3447
       8       1.2994
       9       1.2768
      10       1.1768
      11       1.3377
      12       1.1859
      13       1.3444
      14       1.5239
      15       1.4941
      16       1.2888
      17       1.5056
      18       1.5575
      19       1.5670
      20       1.8741
      21       2.0386
      22       2.0414
      23       1.7382
      24       2.1930
      25       1.8466
      26       1.8614
      27       1.9531
      28       1.9773
      29       1.4259
      30       1.4812
      31       1.4590
      32       1.4877
      33       1.8459
      34       1.7202
      35       1.7817
      36       1.6704
      37       1.7497
      38       1.8430
      39       1.7034
      40       1.5818
      41       2.0661
      42       2.2349
      43       1.8252
      44       1.8005
      45       1.5398
      46       1.5044
      47       1.4741
      48       1.4296
      49       1.4366
      50       1.4898
      51       1.5631
      52       1.5580
      53       1.6588
      54       1.5423
      55       1.8382
      56       1.5865
      57       1.7888
      58       2.0284
      59       2.1551
      60       2.0424
      61       2.5281
      62       2.0868
      63       2.4257
      64       2.1028
      65       1.9040
      66       1.7129
      67       1.8422
      68       1.8390
      69       1.7437
      70       1.6382
      71       1.4488
      72       1.3397
      73       1.3903
      74       1.5806
      75       1.4724
      76       1.6661
      77       1.4402
      78       1.6545
      79       1.6663
      80       1.6823
      81       1.5263
      82       1.6060
      83       1.6944
      84       1.7599
      85       1.7566
      86       1.6158
      87       1.7055
      88       1.7524
      89       1.6395
      90       1.5699
      91       1.5202
      92       1.4194
      93       1.3772
      94       1.3950
      95       1.6611
      96       1.7519
      97       1.8601
      98       1.6640
      99       1.5930
     100       1.5345
     101       1.6024
     102       1.4908
     103       1.5359
     104       1.5548
     105       1.4789
     106       1.5601
     107       1.9750
     108       1.6851
     109       2.0174
     110       1.9854
     111       1.9853
     112       1.9116
     113       2.2680
     114       2.0044
     115       1.8073
     116       1.6220
     117       1.6654
     118       1.7977
     119       1.7318
     120       1.7977
     121       1.7237
     122       1.6421
     123       1.5507
     124       1.6470
     125       1.8653
     126       2.0070
     127       2.1529
     128       2.2245
     129       1.8157
     130       1.9416
     131       1.8306
     132       1.6324
     133       1.6751
     134       1.7617
     135       1.8071
     136       1.9360
     137       1.6654
     138       1.8531
     139       1.8250
     140       1.9145
     141       1.8046
     142       1.6750
     143       1.9417
     144       2.0330
     145       1.8547
     146       1.8441
     147       1.8404
     148       1.8597
     149       1.8654
     150       1.5658
     151       1.6197
     152       1.6826
     153       1.7035
     154       1.7011
     155       1.6258
     156       1.8357
     157       1.8181
     158       1.6169
     159       1.7329
     160       1.8430
     161       1.7895
     162       1.7780
     163       1.9871
     164       1.7751
     165       1.9211
     166       1.7394
     167       1.7585
     168       1.7108
     169       1.7063
     170       1.7575
     171       1.6967
     172       1.9282
     173       1.7291
     174       1.7455
     175       1.7071
     176       1.8027
     177       2.0980
     178       2.1732
     179       2.1995
     180       1.8539
     181       1.7263
     182       1.9317
     183       1.7606
     184       1.9147
     185       1.9576
     186       1.9310
     187       1.8168
     188       2.0187
     189       1.8437
     190       1.9995
     191       1.7265
     192       1.9149
     193       2.1085
     194       1.9140
     195       2.0010
     196       2.0845
     197       2.1072
     198       1.8030
     199       1.7332
     200       1.7038
     201       1.8099
     202       1.7416
     203       2.1072
     204       2.0773
     205       2.1335
     206       2.1351
     207       2.1122
     208       2.1570
     209       2.2797
     210       2.4273
     211       2.2201
     212       2.2087
     213       2.1011
     214       2.2068
     215       2.4349
     216       2.5765
     217       2.2105
     218       2.2024
     219       2.2679
     220       2.1947
     221       2.4506
     222       2.0183
     223       2.2043
     224       2.1879
     225       2.2854
     226       2.1179
     227       2.2943
     228       2.2417
     229       2.2521
     230       2.3174
     231       2.3277
     232       2.1354
     233       2.2928
     234       2.3220
     235       2.2419
     236       2.0696
     237       2.1418
     238       2.1092
     239       2.1088
     240       2.3253
     241       2.3065
     242       2.2337
     243       2.5417
     244       2.4116
     245       2.4511
     246       2.4709
     247       2.6108
     248       2.3980
     249       2.3703
     250       2.7788
     251       2.9200
     252       2.7447
     253       2.8319
     254       2.7605
     255       2.9002
     256       2.8664
     257       2.6664
     258       2.5855
     259       2.8233
     260       2.7768
     261       2.8562
     262       2.7983
     263       2.7915
     264       2.5855
     265       2.4784
     266       2.3998
     267       2.1678
     268       2.3201
     269       2.6606
     270       2.5091
     271       2.4034
     272       2.4022
     273       2.4434
     274       2.6977
     275       2.7429
     276       2.4667
     277       2.4121
     278       3.0259
     279       2.6935
     280       2.5197
     281       2.6366
     282       2.4089
     283       2.3988
     284       2.3895
     285       2.2991
     286       2.1821
     287       2.1222
     288       2.2899
     289       2.3850
     290       2.4057
     291       2.2717
     292       2.3837
     293       2.5023
     294       2.4303
     295       2.4088
     296       2.5059
     297       2.1940
     298       2.2616
     299       2.3805
     300       2.2787
     301       2.3220
     302       2.4433
     303       2.6200
     304       2.4168
     305       2.5481
     306       2.5745
     307       2.7982
     308       2.7746
     309       2.5355
     310       2.9200
     311       2.9339
     312       2.9008
     313       2.8002
     314       2.9260
     315       2.7152
     316       2.6938
     317       2.5447
     318       2.8633
     319       2.8961
     320       2.6437
     321       2.6929
     322       2.8809
     323       2.6835
     324       2.7826
     325       2.4811
     326       2.6470
     327       2.3863
     328       2.7345
     329       2.7964
     330       2.6956
     331       2.6580
     332       2.5594
     333       2.6216
     334       2.7256
     335       2.8383
     336       2.9726
     337       2.6459
     338       2.8928
     339       2.7300
     340       2.5746
     341       2.5633
     342       2.6474
     343       2.7988
     344       2.5867
     345       2.8016
     346       2.7400
     347       2.7081
     348       2.8320
     349       2.8572
     350       2.5010
     351       2.6650
     352       2.7306
     353       2.9609
     354       2.7131
     355       2.8126
     356       2.7659
     357       2.7777
     358       2.7749
     359       2.8668
     360       3.1344
     361       2.9222
     362       2.6740
     363       2.4901
     364       2.7513
     365       2.6641
     366       2.6463
     367       2.5897
     368       2.8280
     369       3.0537
     370       2.6410
     371       2.4378
     372       2.3587
     373       2.2912
     374       2.2435
     375       2.4679
     376       2.4056
     377       2.2589
     378       2.5051
     379       2.5654
     380       2.6266
     381       2.4599
     382       2.5636
     383       2.6740
     384       2.6483
     385       2.7701
     386       2.6016
     387       2.8381
     388       2.5227
     389       2.7424
     390       2.8774
     391       2.6381
     392       2.5903
     393       2.5900
     394       2.6463
     395       2.7485
     396       2.5282
     397       2.4703
     398       2.4354
     399       2.5140
     400       2.8406
     401       2.5542
     402       2.4435
     403       2.3768
     404       2.2632
     405       2.3723
     406       2.7302
     407       2.4981
     408       2.5776
     409       2.6269
     410       2.3916
     411       2.6009
     412       2.3472
     413       2.6092
     414       2.6688
     415       2.6517
     416       2.8443
     417       2.6563
     418       2.5560
     419       2.3205
     420       2.6681
     421       2.5459
     422       2.4512
     423       2.9011
     424       2.6279
     425       2.6334
     426       2.4877
     427       2.6920
     428       2.7336
     429       2.9670
     430       3.1250
     431       2.9651
     432       3.2873
     433       2.9390
     434       2.4847
     435       2.6242
     436       2.5714
     437       2.5541
     438       3.1233
     439       2.7898
     440       2.9160
     441       3.0015
     442       3.2667
     443       3.3410
     444       3.2307
     445       3.0482
     446       3.3176
     447       2.7653
     448       3.0045
     449       2.6685
     450       2.8305
     451       2.8620
     452       2.9023
     453       3.0597
     454       2.9704
     455       3.1307
     456       2.9610
     457       2.8614
     458       2.9975
     459       2.7881
     460       3.1414
     461       2.8229
     462       2.9182
     463       2.9213
     464       2.9285
     465       2.8998
     466       2.9215
     467       2.7590
     468       2.6896
     469       2.8422
     470       2.8708
     471       2.8257
     472       2.7399
     473       2.5943
     474       2.5593
     475       3.0488
     476       3.0813
     477       2.8151
     478       2.8244
     479       2.6859
     480       2.6528
     481       2.9599
     482       3.0814
     483       2.9401
     484       3.3093
     485       2.9494
     486       3.0277
     487       3.0494
     488       2.8479
     489       2.4113
     490       2.5658
     491       2.4713
     492       2.4819
     493       2.2701
     494       2.7231
     495       2.7446
     496       2.7669
     497       2.8237
     498       2.7384
     499       2.8591
     500       2.7401
     501       2.6561
     502       2.7183
     503       2.8353
     504       2.4807
     505       2.4784
     506       2.6462
     507       2.6165
     508       2.5173
     509       2.6442
     510       2.7390
     511       2.5751
     512       2.6088
     513       2.9048
     514       2.7942
     515       2.8386
     516       2.9277
     517       2.7829
     518       2.7756
     519       2.5861
     520       2.4070
     521       2.7247
     522       2.4465
     523       2.4996
     524       2.6156
     525       2.9288
     526       3.0149
     527       2.8121
     528       2.4332
     529       2.9791
     530       3.0528
     531       2.9319
     532       2.6820
     533       2.5213
     534       2.5062
     535       2.7234
     536       2.5309
     537       2.4648
     538       2.4823
     539       2.6946
     540       2.9883
     541       3.0748
     542       3.0022
     543       2.9650
     544       2.9869
     545       2.9924
     546       2.8384
     547       3.1389
     548       2.8561
     549       2.9440
     550       2.7870
     551       2.9474
     552       3.0794
     553       2.8583
     554       3.2878
     555       3.3023
     556       3.1743
     557       2.7134
     558       2.6871
     559       2.6076
     560       2.4963
     561       2.7155
     562       2.9586
     563       3.0764
     564       3.0915
     565       3.0845
     566       3.0615
     567       3.0724
     568       3.2794
     569       2.9829
     570       3.2014
     571       3.0109
     572       2.8723
     573       2.7452
     574       2.9121
     575       2.7098
     576       2.5508
     577       2.8844
     578       3.0415
     579       2.5850
     580       2.5394
     581       2.7013
     582       2.9548
     583       3.0050
     584       3.1279
     585       3.5754
     586       3.1159
     587       3.0298
     588       2.8919
     589       2.9788
     590       2.6224
     591       2.4838
     592       2.4296
     593       2.6041
     594       2.5970
     595       2.7672
     596       2.9091
     597       2.5987
     598       2.4482
     599       2.2671
     600       2.6171
     601       2.6670
     602       2.7356
     603       2.5617
     604       2.8082
     605       2.9114
     606       2.6820
     607       2.7927
     608       2.8926
     609       3.4788
     610       2.9471
     611       2.8392
     612       2.8832
     613       2.8620
     614       2.6563
     615       2.7964
     616       3.0264
     617       3.1308
     618       2.6556
     619       2.7099
     620       2.8492
     621       2.9705
     622       3.2736
     623       2.8862
     624       2.6923
     625       2.9160
     626       3.0997
     627       2.9321
     628       2.6120
     629       2.5834
     630       2.8378
     631       2.7161
     632       2.7347
     633       2.9198
     634       2.8894
     635       2.8888
     636       3.0421
     637       3.1475
     638       3.2182
     639       3.0641
     640       2.8096
     641       2.7571
     642       2.7144
     643       2.8687
     644       2.6613
     645       2.5631
     646       2.5190
     647       2.5026
     648       2.9755
     649       2.9314
     650       2.7174
     651       2.7612
     652       2.5933
     653       2.7975
     654       2.5127
     655       2.3618
     656       2.5900
     657       2.4837
     658       2.5178
     659       2.5917
     660       2.6661
     661       2.4550
     662       2.7175
     663       2.5990
     664       2.6175
     665       2.8791
     666       2.8782
     667       2.6336
     668       2.6050
     669       2.6291
     670       2.5472
     671       2.5461
     672       2.4808
     673       2.5231
     674       2.6706
     675       2.9770
     676       2.5996
     677       2.5231
     678       2.6476
     679       2.8013
     680       2.5845
     681       2.6227
     682       2.6200
     683       2.6022
     684       2.9213
     685       2.8376
     686       2.8416
     687       2.6052
     688       2.5582
     689       2.4564
     690       2.8479
     691       2.8247
     692       2.5816
     693       2.8145
     694       2.7971
     695       2.7947
     696       3.3648
     697       2.8769
     698       2.5787
     699       2.8242
     700       2.6967
     701       3.0440
     702       2.9864
     703       2.5779
     704       2.7110
     705       2.8968
     706       2.8968
     707       3.0746
     708       2.8046
     709       2.4135
     710       2.8298
     711       2.6062
     712       2.5106
     713       2.4863
     714       2.8162
     715       2.8047
     716       2.7878
     717       2.6716
     718       2.5255
     719       2.7467
     720       2.9342
     721       3.0172
     722       2.9409
     723       3.2719
     724       3.2358
     725       2.9785
     726       2.9456
     727       3.0410
     728       2.8702
     729       2.8856
     730       2.9312
     731       3.1733
     732       2.9411
     733       2.9341
     734       2.6416
     735       2.4645
     736       2.5737
     737       2.9479
     738       2.9846
     739       2.9955
     740       2.9423
     741       2.9350
     742       2.8231
     743       2.4710
     744       2.5613
     745       2.6167
     746       2.8987
     747       2.7848
     748       2.9352
     749       3.0656
     750       2.8819
     751       3.0925
     752       3.0511
     753       2.6656
     754       3.0291
     755       2.7438
     756       2.6069
     757       2.3119
     758       2.1508
     759       2.3860
     760       2.4382
     761       2.5527
     762       2.8160
     763       2.4965
     764       2.6305
     765       2.7739
     766       2.5235
     767       2.6503
     768       2.8187
     769       2.4924
     770       2.5258
     771       2.5481
     772       2.4640
     773       2.7231
     774       2.5611
     775       2.5593
     776       2.8938
     777       2.9872
     778       2.6747
     779       2.6091
     780       2.5940
     781       2.7186
     782       2.6374
     783       2.3625
     784       2.6043
     785       2.6529
     786       2.9381
     787       2.9751
     788       3.0403
     789       3.0485
     790       2.7590
     791       2.9470
     792       2.7162
     793       2.6751
     794       2.5324
     795       2.7872
     796       2.8556
     797       2.9760
     798       2.7209
     799       2.7947
     800       3.0682
     801       2.7801
     802       2.9618
     803       2.8287
     804       2.6151
     805       2.5365
     806       2.8008
     807       2.7974
     808       2.6724
     809       3.0312
     810       3.1363
     811       2.5446
     812       2.9165
     813       2.9943
     814       2.9031
     815       2.8427
     816       3.1480
     817       2.9679
     818       3.1201
     819       2.9347
     820       2.8797
     821       3.0618
     822       2.8576
     823       2.9931
     824       3.1266
     825       3.1031
     826       2.7319
     827       3.0571
     828       3.0089
     829       3.0794
     830       2.8210
     831       3.1192
     832       2.7758
     833       2.9838
     834       2.5844
     835       2.5066
     836       2.4025
     837       2.7704
     838       2.9405
     839       2.8202
     840       2.7924
     841       3.1138
     842       3.0310
     843       2.9915
     844       2.5948
     845       2.7699
     846       2.9143
     847       3.0680
     848       2.8641
     849       2.7980
     850       2.9228
     851       2.7775
     852       3.0308
     853       2.8799
     854       3.1974
     855       2.7874
     856       2.8019
     857       3.0922
     858       3.0891
     859       2.8431
     860       2.8036
     861       2.7379
     862       2.8747
     863       2.7200
     864       2.5673
     865       2.7192
     866       2.8074
     867       2.7076
     868       2.5023
     869       2.4317
     870       2.7430
     871       2.7099
     872       2.5744
     873       2.4471
     874       2.2704
     875       2.5503
     876       2.5340
     877       2.6507
     878       2.7862
     879       2.8324
     880       2.6393
     881       2.8230
     882       2.6922
     883       2.7444
     884       2.7371
     885       3.0758
     886       2.6348
     887       2.7731
     888       2.8575
     889       2.8565
     890       2.9948
     891       2.9925
     892       2.9227
     893       3.0484
     894       2.6560
     895       2.9058
     896       2.9353
     897       2.6975
     898       2.8261
     899       2.6223
     900       2.9115
     901       2.7758
     902       2.5527
     903       2.3835
     904       2.5615
     905       2.6112
     906       2.9341
     907       2.5867
     908       2.6998
     909       2.6476
     910       2.7189
     911       2.6884
     912       2.5311
     913       2.6714
     914       2.8268
     915       2.5960
     916       2.7184
     917       2.7612
     918       2.6510
     919       2.6589
     920       2.6110
     921       2.8182
     922       2.6333
     923       2.5170
     924       2.8783
     925       3.1788
     926       3.3532
     927       3.0272
     928       2.9874
     929       3.1412
     930       3.2468
     931       2.9614
     932       3.2561
     933       3.3953
     934       3.0372
     935       3.0528
     936       3.0625
     937       3.0304
     938       3.2491
     939       3.4477
     940       3.2610
     941       3.4403
     942       2.8990
     943       3.1758
     944       2.9733
     945       3.0233
     946       2.7912
     947       2.4583
     948       2.7950
     949       2.7828
     950       2.8956
     951       2.9648
     952       2.6751
     953       2.7685
     954       3.0114
     955       3.2361
     956       3.2781
     957       3.0557
     958       3.0811
     959       2.9275
     960       2.4879
     961       2.8882
     962       3.1978
     963       2.7073
     964       2.9407
     965       3.5059
     966       3.1750
     967       3.1905
     968       3.1401
     969       3.1446
     970       2.6564
     971       2.9028
     972       2.9744
     973       3.0301
     974       2.8655
     975       2.9935
     976       2.6813
     977       2.8539
     978       2.8537
     979       3.3241
     980       3.4963
     981       3.0199
     982       2.8574
     983       3.1422
     984       3.1072
     985       3.1184
     986       3.0380
     987       3.1100
     988       3.3003
     989       3.0207
     990       3.1982
     991       3.0103
     992       2.5209
     993       3.0436
     994       3.4360
     995       3.1384
     996       3.2159
     997       3.0414
     998       3.1874
     999       3.0113
    1000       3.0116
    1001       2.6755
    1002       2.7702
    1003       2.7875
    1004       2.8122
    1005       3.0352
    1006       2.9674
    1007       2.8960
    1008       2.9772
    1009       2.4891
    1010       2.5614
    1011       2.6357
    1012       2.5612
    1013       2.5665
    1014       2.5110
    1015       2.4952
    1016       2.4591
    1017       2.6076
    1018       2.3917
    1019       2.4660
    1020       2.6013
    1021       3.1097
    1022       2.9749
    1023       3.1917
    1024       3.0381
    1025       2.7303
    1026       2.5200
    1027       2.6601
    1028       2.7429
    1029       2.6755
    1030       2.8173
    1031       2.5840
    1032       2.8066
    1033       2.6027
    1034       2.4880
    1035       2.4692
    1036       2.3306
    1037       2.6779
    1038       2.4330
    1039       2.5272
    1040       2.6086
    1041       2.6085
    1042       2.5801
    1043       2.3233
    1044       2.4704
    1045       2.2661
    1046       2.4747
    1047       2.4361
    1048       2.4759
    1049       2.5167
    1050       3.0252
    1051       3.1376
    1052       2.7222
    1053       2.8514
    1054       3.0302
    1055       2.7267
    1056       2.6116
    1057       2.4710
    1058       2.7642
    1059       2.8417
    1060       2.7456
    1061       2.8393
    1062       2.5829
    1063       2.5370
    1064       2.4151
    1065       2.4664
    1066       2.5805
    1067       2.5697
    1068       2.6751
    1069       2.5865
    1070       2.7280
    1071       2.8781
    1072       3.2373
    1073       3.1690
    1074       2.7117
    1075       2.9259
    1076       3.0815
    1077       2.6776
    1078       2.9451
    1079       2.9479
    1080       2.7340
    1081       2.9409
    1082       2.6940
    1083       2.5166
    1084       2.5629
    1085       2.4309
    1086       2.4277
    1087       2.5042
    1088       2.6072
    1089       2.6771
    1090       3.0041
    1091       2.7969
    1092       3.0239
    1093       2.6327
    1094       2.5965
    1095       2.9808
    1096       2.5506
    1097       2.6660
    1098       2.5657
    1099       2.4568
    1100       2.2701
    1101       2.3772
    1102       2.4879
    1103       2.4508
    1104       2.3781
    1105       2.2804
    1106       2.3481
    1107       2.5432
    1108       2.5141
    1109       2.5920
    1110       2.6837
    1111       2.4949
    1112       2.4569
    1113       2.4418
    1114       2.4471
    1115       2.5983
    1116       2.6435
    1117       2.6619
    1118       2.7787
    1119       2.5478
    1120       2.4348
    1121       2.4499
    1122       2.5778
    1123       2.3735
    1124       2.4947
    1125       2.4803
    1126       2.5836
    1127       2.5195
    1128       2.3936
    1129       2.8195
    1130       2.9764
    1131       3.1029
    1132       2.7292
    1133       2.9225
    1134       2.6613
    1135       2.6090
    1136       2.7750
    1137       3.1343
    1138       2.9413
    1139       2.5963
    1140       2.5631
    1141       2.4657
    1142       2.6888
    1143       2.8829
    1144       2.6818
    1145       2.5291
    1146       2.4963
    1147       2.5584
    1148       2.9212
    1149       2.8432
    1150       2.6652
    1151       2.5633
    1152       2.9582
    1153       2.6204
    1154       2.7880
    1155       2.8252
    1156       2.6507
    1157       2.6351
    1158       2.7259
    1159       2.6650
    1160       2.7448
    1161       2.6815
    1162       2.8467
    1163       2.7591
    1164       2.8014
    1165       3.0149
    1166       2.7843
    1167       2.6188
    1168       2.3929
    1169       2.6473
    1170       2.7763
    1171       2.4576
    1172       2.3421
    1173       2.2328
    1174       2.6421
    1175       2.3974
    1176       2.5383
    1177       2.5555
    1178       2.4880
    1179       2.6093
    1180       2.4641
    1181       2.6632
    1182       2.3280
    1183       2.3441
    1184       2.2067
    1185       2.4249
    1186       2.4289
    1187       2.4891
    1188       2.3351
    1189       2.4346
    1190       2.4665
    1191       2.8924
    1192       2.7777
    1193       2.5946
    1194       2.7929
    1195       2.4959
    1196       2.5793
    1197       2.5620
    1198       2.4244
    1199       2.5729
    1200       2.7892
    1201       2.6348
    1202       2.5101
    1203       2.6286
    1204       2.5176
    1205       2.3171
    1206       2.3782
    1207       2.5928
    1208       2.5951
    1209       2.3493
    1210       2.4848
    1211       2.4339
    1212       2.3619
    1213       2.6549
    1214       2.4289
    1215       2.4151
    1216       2.5130
    1217       2.6987
    1218       2.4703
    1219       2.5862
    1220       2.3999
    1221       2.2303
    1222       2.4936
    1223       2.8174
    1224       2.6290
    1225       2.5809
    1226       2.5901
    1227       2.6933
    1228       2.3331
    1229       2.3987
    1230       2.1946
    1231       2.3338
    1232       2.3490
    1233       2.4991
    1234       2.5651
    1235       2.4610
    1236       2.5376
    1237       2.5811
    1238       2.4432
    1239       2.5407
    1240       2.5178
    1241       2.4830
    1242       2.6482
    1243       2.7660
    1244       2.3951
    1245       2.4422
    1246       2.4582
    1247       2.5432
    1248       2.6439
    1249       2.7078
    1250       2.5647
    1251       2.6365
    1252       2.5744
    1253       2.7187
    1254       2.6073
    1255       2.3378
    1256       2.2698
    1257       2.6342
    1258       2.4070
    1259       2.5531
    1260       2.5422
    1261       2.3037
    1262       2.4940
    1263       2.2798
    1264       2.4614
    1265       2.4932
    1266       2.4788
    1267       2.6013
    1268       2.7198
    1269       2.8157
    1270       2.5203
    1271       2.8905
    1272       2.5507
    1273       2.5864
    1274       2.3121
    1275       2.3624
    1276       2.5860
    1277       2.4770
    1278       2.5205
    1279       2.5110
    1280       2.3952
    1281       2.5877
    1282       2.3275
    1283       2.6985
    1284       2.5561
    1285       2.4522
    1286       2.8660
    1287       2.6642
    1288       2.5061
    1289       2.5137
    1290       2.5520
    1291       2.6356
    1292       2.7218
    1293       2.7964
    1294       2.6445
    1295       2.5708
    1296       2.7169
    1297       2.7708
    1298       2.7736
    1299       2.7789
    1300       2.5808
    1301       2.4899
    1302       2.6117
    1303       2.5015
    1304       2.9165
    1305       3.0024
    1306       2.8299
    1307       2.7996
    1308       2.7413
    1309       2.8358
    1310       2.7419
    1311       2.7385
    1312       3.0485
    1313       2.6088
    1314       2.9103
    1315       2.9724
    1316       2.7519
    1317       2.5886
    1318       2.8865
    1319       2.6983
    1320       2.9599
    1321       2.5252
    1322       2.7836
    1323       2.9570
    1324       2.8405
    1325       2.8480
    1326       2.8698
    1327       2.7366
    1328       2.6065
    1329       2.7400
    1330       2.9874
    1331       2.7306
    1332       2.5083
    1333       2.8144
    1334       2.9324
    1335       2.6945
    1336       2.4006
    1337       2.6769
    1338       2.7221
    1339       2.8510
    1340       2.7171
    1341       2.7452
    1342       3.0474
    1343       3.3264
    1344       3.2733
    1345       3.0169
    1346       3.1331
    1347       3.0014
    1348       3.3437
    1349       3.0068
    1350       3.0148
    1351       3.2670
    1352       3.0489
    1353       3.1359
    1354       3.2664
    1355       3.3948
    1356       3.1521
    1357       3.1565
    1358       3.2232
    1359       3.1198
    1360       3.3551
    1361       3.6873
    1362       3.7393
    1363       3.1144
    1364       3.0984
    1365       2.7871
    1366       2.9589
    1367       3.2184
    1368       2.8225
    1369       3.0560
    1370       3.1017
    1371       3.2100
    1372       3.2169
    1373       2.7361
    1374       2.7119
    1375       2.6423
    1376       2.6239
    1377       2.4915
    1378       2.8133
    1379       2.7491
    1380       2.6305
    1381       2.8676
    1382       2.9005
    1383       3.0389
    1384       3.0238
    1385       3.0549
    1386       2.7812
    1387       2.8896
    1388       2.5508
    1389       2.7666
    1390       2.9649
    1391       2.9563
    1392       2.8995
    1393       2.7041
    1394       2.5893
    1395       2.6098
    1396       2.9978
    1397       3.0164
    1398       3.0204
    1399       2.7819
    1400       2.6564
    1401       3.0237
    1402       3.0498
    1403       2.8762
    1404       3.1073
    1405       2.6827
    1406       2.8084
    1407       2.8285
    1408       2.5161
    1409       2.4612
    1410       2.4966
    1411       2.5747
    1412       2.6449
    1413       2.7617
    1414       2.9605
    1415       3.0509
    1416       3.0068
    1417       2.8906
    1418       3.1062
    1419       3.0043
    1420       2.7134
    1421       3.1779
    1422       2.7786
    1423       2.6741
    1424       2.8224
    1425       2.8963
    1426       2.9771
    1427       3.0076
    1428       3.0784
    1429       2.6104
    1430       2.9303
    1431       3.0544
    1432       2.6012
    1433       2.5376
    1434       2.7819
    1435       2.3755
    1436       2.4951
    1437       2.9788
    1438       3.0515
    1439       2.7560
    1440       2.7921
    1441       2.9944
    1442       2.9670
    1443       3.1111
    1444       3.3726
    1445       3.2370
    1446       2.8433
    1447       2.6763
    1448       2.8423
    1449       2.6755
    1450       2.7718
    1451       2.8102
    1452       2.4834
    1453       2.4351
    1454       2.5241
    1455       2.8763
    1456       2.7785
    1457       2.7894
    1458       2.9618
    1459       2.8709
    1460       2.7178
    1461       3.0711
    1462       2.8477
    1463       3.0342
    1464       2.8713
    1465       2.8352
    1466       3.1494
    1467       3.1377
    1468       3.0466
    1469       2.9284
    1470       2.5906
    1471       3.1311
    1472       2.7008
    1473       2.7187
    1474       2.3923
    1475       2.7497
    1476       2.7171
    1477       2.9669
    1478       2.9718
    1479       2.8172
    1480       2.7593
    1481       2.7058
    1482       2.9255
    1483       2.8109
    1484       2.8316
    1485       2.8439
    1486       2.6373
    1487       2.9443
    1488       2.7256
    1489       2.9340
    1490       2.8204
    1491       2.6548
    1492       2.6879
    1493       2.8183
    1494       2.8059
    1495       2.7173
    1496       2.8810
    1497       3.0148
    1498       3.4515
    1499       2.9617
    1500       3.4019
    1501       3.2412
    1502       3.0583
    1503       2.9990
    1504       3.2635
    1505       3.0062
    1506       3.3635
    1507       3.5807
    1508       3.7243
    1509       3.5863
    1510       3.5201
    1511       3.6570
    1512       3.4616
    1513       3.5967
    1514       3.0952
    1515       3.2106
    1516       3.0333
    1517       3.3950
    1518       3.4015
    1519       3.3513
    1520       3.3204
    1521       3.1793
    1522       3.1318
    1523       3.0827
    1524       3.1681
    1525       3.3546
    1526       3.4051
    1527       3.1220
    1528       3.1808
    1529       3.0999
    1530       2.9426
    1531       2.8421
    1532       3.0683
    1533       2.7382
    1534       3.5537
    1535       3.2760
    1536       3.1615
    1537       2.8291
    1538       3.2528
    1539       3.0794
    1540       3.1218
    1541       3.0911
    1542       3.4723
    1543       3.3292
    1544       3.2040
    1545       3.3729
    1546       3.3016
    1547       3.5844
    1548       3.2063
    1549       3.2746
    1550       3.2195
    1551       3.0141
    1552       3.3458
    1553       3.2563
    1554       2.9480
    1555       3.2946
    1556       3.2555
    1557       3.4833
    1558       3.2494
    1559       3.3011
    1560       3.1680
    1561       3.3014
    1562       3.0690
    1563       3.2238
    1564       3.3208
    1565       3.1636
    1566       3.1472
    1567       3.1513
    1568       3.3814
    1569       3.0906
    1570       3.2467
    1571       3.1396
    1572       2.8437
    1573       2.8060
    1574       3.0602
    1575       3.1321
    1576       3.0712
    1577       2.8649
    1578       3.1817
    1579       3.3649
    1580       3.2874
    1581       3.1999
    1582       2.8423
    1583       2.7981
    1584       3.0822
    1585       3.1490
    1586       3.2253
    1587       3.1304
    1588       3.3767
    1589       3.4553
    1590       3.5880
    1591       3.3649
    1592       3.3084
    1593       3.0626
    1594       3.4236
    1595       3.2142
    1596       3.1448
    1597       2.8171
    1598       3.0552
    1599       3.0269
    1600       3.0173
    1601       3.1361
    1602       2.9208
    1603       3.2958
    1604       2.9585
    1605       3.2911
    1606       3.3361
    1607       3.4707
    1608       3.2280
    1609       3.5221
    1610       3.0857
    1611       3.3712
    1612       2.8970
    1613       3.2085
    1614       3.5242
    1615       3.0932
    1616       3.3806
    1617       3.5265
    1618       3.2523
    1619       3.0434
    1620       3.2617
    1621       3.0590
    1622       2.8010
    1623       2.8155
    1624       3.1100
    1625       3.5422
    1626       2.8795
    1627       3.2975
    1628       3.2370
    1629       3.0244
    1630       3.0645
    1631       3.3534
    1632       3.6064
    1633       3.2038
    1634       3.0673
    1635       3.4885
    1636       3.7094
    1637       3.7085
    1638       3.6026
    1639       3.6187
    1640       3.4221
    1641       3.2761
    1642       3.7913
    1643       3.6213
    1644       3.6851
    1645       3.2405
    1646       3.3241
    1647       2.8746
    1648       2.9936
    1649       3.2734
    1650       2.9213
    1651       2.8343
    1652       2.9427
    1653       3.1270
    1654       3.2971
    1655       3.3721
    1656       2.9266
    1657       3.3425
    1658       3.1684
    1659       3.5143
    1660       3.5444
    1661       3.6340
    1662       3.4093
    1663       3.4644
    1664       3.5314
    1665       3.1977
    1666       3.5061
    1667       3.1482
    1668       3.0165
    1669       3.0351
    1670       2.8364
    1671       2.8325
    1672       2.9587
    1673       2.9587
    1674       2.7344
    1675       3.1825
    1676       3.2767
    1677       3.1248
    1678       3.3193
    1679       3.1817
    1680       3.6153
    1681       3.8045
    1682       3.5857
    1683       3.5324
    1684       3.7959
    1685       3.7058
    1686       3.8758
    1687       3.5874
    1688       3.1953
    1689       3.2343
    1690       3.4897
    1691       3.7228
    1692       3.8303
    1693       3.1228
    1694       3.5921
    1695       3.1632
    1696       3.2508
    1697       3.4495
    1698       3.3481
    1699       3.1132
    1700       3.3607
    1701       3.6151
    1702       3.2827
    1703       3.6229
    1704       3.4986
    1705       3.4349
    1706       3.6344
    1707       3.7307
    1708       3.6511
    1709       3.6099
    1710       3.5961
    1711       3.1409
    1712       3.2817
    1713       3.2591
    1714       3.3549
    1715       3.2423
    1716       3.0738
    1717       3.0525
    1718       3.6250
    1719       3.5145
    1720       3.3693
    1721       3.3712
    1722       3.2416
    1723       2.9776
    1724       3.0899
    1725       3.1503
    1726       3.1691
    1727       3.0970
    1728       3.6581
    1729       2.8691
    1730       3.1583
    1731       3.1928
    1732       3.0309
    1733       3.1049
    1734       3.0955
    1735       2.9336
    1736       3.0019
    1737       3.2431
    1738       3.1667
    1739       3.0790
    1740       3.1237
    1741       3.3073
    1742       3.2435
    1743       3.1918
    1744       3.1040
    1745       2.8237
    1746       3.1061
    1747       3.2776
    1748       3.3265
    1749       3.0612
    1750       3.3807
    1751       3.0624
    1752       3.6314
    1753       3.6105
    1754       3.1523
    1755       3.1628
    1756       3.2601
    1757       3.5683
    1758       3.9188
    1759       3.7490
    1760       3.5978
    1761       3.8139
    1762       3.5782
    1763       3.3615
    1764       3.5045
    1765       3.4129
    1766       3.4051
    1767       3.5184
    1768       3.3613
    1769       3.5384
    1770       3.3502
    1771       2.9654
    1772       3.1367
    1773       3.3731
    1774       3.3618
    1775       3.5876
    1776       3.7197
    1777       3.5390
    1778       3.3678
    1779       3.3945
    1780       3.8101
    1781       3.5460
    1782       3.6415
    1783       3.5595
    1784       4.0255
    1785       3.6545
    1786       4.0084
    1787       3.5261
    1788       3.3396
    1789       3.6423
    1790       3.6161
    1791       3.5148
    1792       3.3288
    1793       3.3573
    1794       3.3080
    1795       3.5066
    1796       3.3085
    1797       3.1496
    1798       3.0681
    1799       2.8513
    1800       2.8926
    1801       3.1364
    1802       3.3932
    1803       3.0692
    1804       2.9394
    1805       3.6006
    1806       3.1530
    1807       3.2180
    1808       3.3801
    1809       3.4032
    1810       3.6181
    1811       3.7903
    1812       3.9318
    1813       3.5781
    1814       3.1105
    1815       3.1354
    1816       3.2261
    1817       3.4028
    1818       3.3341
    1819       3.5879
    1820       3.6438
    1821       3.6303
    1822       3.5240
    1823       3.5128
    1824       3.3084
    1825       3.0800
    1826       2.9658
    1827       2.9159
    1828       3.0838
    1829       2.8921
    1830       3.4631
    1831       3.3345
    1832       3.6421
    1833       3.1507
    1834       3.2732
    1835       3.2662
    1836       3.4844
    1837       3.2155
    1838       3.2059
    1839       2.8073
    1840       2.9430
    1841       2.9390
    1842       3.1237
    1843       3.5909
    1844       3.2343
    1845       3.2031
    1846       3.0612
    1847       2.9561
    1848       3.4327
    1849       3.1252
    1850       3.5487
    1851       3.2566
    1852       3.2618
    1853       3.0221
    1854       2.9554
    1855       3.2413
    1856       3.1430
    1857       3.0865
    1858       2.9541
    1859       3.0297
    1860       2.9681
    1861       2.8154
    1862       2.7123
    1863       2.9275
    1864       3.0079
    1865       3.1064
    1866       3.4776
    1867       3.4836
    1868       3.4326
    1869       2.9434
    1870       3.1837
    1871       3.1691
    1872       2.9904
    1873       2.8464
    1874       3.0676
    1875       3.1228
    1876       3.1875
    1877       3.1904
    1878       3.1884
    1879       2.9766
    1880       3.4720
    1881       3.1450
    1882       3.0635
    1883       3.1651
    1884       3.0506
    1885       3.2815
    1886       3.2927
    1887       3.1372
    1888       3.0423
    1889       3.2345
    1890       3.0109
    1891       3.0399
    1892       3.3731
    1893       3.3942
    1894       3.2686
    1895       3.1559
    1896       3.0796
    1897       3.2218
    1898       3.3245
    1899       2.9162
    1900       3.0758
    1901       3.3070
    1902       3.5208
    1903       3.3293
    1904       3.5976
    1905       3.3082
    1906       3.3565
    1907       3.1806
    1908       3.1683
    1909       3.3351
    1910       3.3782
    1911       3.4432
    1912       3.4758
    1913       3.7551
    1914       3.7072
    1915       3.6018
    1916       3.7362
    1917       3.5849
    1918       3.3309
    1919       3.6779
    1920       3.1091
    1921       3.1506
    1922       3.3175
    1923       3.1313
    1924       3.0532
    1925       3.0757
    1926       3.0000
    1927       3.2856
    1928       3.2467
    1929       3.3966
    1930       3.0187
    1931       2.9655
    1932       2.9298
    1933       3.0864
    1934       3.6459
    1935       2.8859
    1936       2.9996
    1937       3.1016
    1938       3.0187
    1939       3.0961
    1940       3.1022
    1941       3.0378
    1942       3.6279
    1943       3.7627
    1944       3.2220
    1945       2.9992
    1946       3.2529
    1947       2.8288
    1948       2.8225
    1949       2.8942
    1950       3.3706
    1951       3.3942
    1952       2.9722
    1953       3.0543
    1954       3.2850
    1955       2.9081
    1956       3.1205
    1957       2.7420
    1958       2.9776
    1959       3.0808
    1960       3.1202
    1961       3.3936
    1962       3.4026
    1963       3.3972
    1964       3.1814
    1965       3.2054
    1966       3.0125
    1967       2.9756
    1968       3.4094
    1969       3.3268
    1970       3.3914
    1971       3.1355
    1972       3.7637
    1973       3.5955
    1974       3.7753
    1975       3.8394
    1976       3.6113
    1977       3.9332
    1978       3.6431
    1979       3.4813
    1980       3.4366
    1981       3.4231
    1982       3.5492
    1983       3.7047
    1984       3.6218
    1985       3.5590
    1986       3.1587
    1987       3.3453
    1988       3.1645
    1989       2.9425
    1990       3.3468
    1991       3.4319
    1992       3.2726
    1993       3.3423
    1994       3.3519
    1995       3.3245
    1996       3.3504
    1997       3.5875
    1998       3.4087
    1999       3.2824
    2000       3.0171
    2001       2.7609
    2002       3.1602
    2003       3.4503
    2004       3.6456
    2005       2.9408
    2006       3.1740
    2007       3.3632
    2008       3.2166
    2009       3.3887
    2010       3.0634
    2011       3.4362
    2012       3.0255
    2013       3.2125
    2014       3.2701
    2015       3.3087
    2016       3.0347
    2017       3.2420
    2018       3.3541
    2019       3.3396
    2020       3.6297
    2021       3.5935
    2022       3.5767
    2023       3.4885
    2024       3.4803
    2025       3.7221
    2026       3.5106
    2027       3.1575
    2028       3.3557
    2029       3.2845
    2030       3.5575
    2031       3.1367
    2032       3.4029
    2033       3.0049
    2034       3.1502
    2035       2.9277
    2036       3.1216
    2037       3.3985
    2038       3.3605
    2039       3.2388
    2040       3.0181
    2041       3.5996
    2042       3.4110
    2043       3.1344
    2044       3.2313
    2045       3.1205
    2046       3.3090
    2047       3.3786
    2048       3.2964
    2049       3.1925
    2050       3.7444
    2051       3.5007
    2052       3.1007
    2053       3.4810
    2054       3.5291
    2055       3.1691
    2056       3.5291
    2057       3.5408
    2058       3.6871
    2059       3.6195
    2060       3.2564
    2061       3.2077
    2062       3.2190
    2063       3.2705
    2064       3.2784
    2065       3.6083
    2066       3.4003
    2067       3.4979
    2068       3.6572
    2069       2.9901
    2070       3.2051
    2071       3.4594
    2072       3.4016
    2073       3.6754
    2074       3.3930
    2075       3.2813
    2076       3.3473
    2077       3.5847
    2078       3.1723
    2079       3.3921
    2080       3.2976
    2081       3.3949
    2082       3.1947
    2083       3.2608
    2084       3.1082
    2085       2.9776
    2086       3.5272
    2087       3.8307
    2088       4.0522
    2089       4.2383
    2090       3.8426
    2091       3.4232
    2092       3.4199
    2093       3.8407
    2094       3.8581
    2095       3.6396
    2096       3.6909
    2097       3.8962
    2098       3.8356
    2099       3.2190
    2100       3.3462
    2101       3.5020
    2102       4.0198
    2103       3.6865
    2104       3.9019
    2105       3.2379
    2106       3.7373
    2107       3.3036
    2108       3.2765
    2109       3.2868
    2110       3.1068
    2111       3.1079
    2112       3.3640
    2113       3.3115
    2114       3.0720
    2115       2.9169
    2116       3.1908
    2117       3.5891
    2118       2.9482
    2119       2.9142
    2120       3.1397
    2121       3.3646
    2122       3.2395
    2123       3.3867
    2124       3.5601
    2125       3.3656
    2126       3.1408
    2127       3.2320
    2128       3.3320
    2129       3.5156
    2130       3.6612
    2131       3.8713
    2132       4.1268
    2133       4.3592
    2134       3.8614
    2135       3.6704
    2136       3.9014
    2137       3.8052
    2138       3.4474
    2139       4.1795
    2140       4.0821
    2141       3.8899
    2142       3.4341
    2143       3.1581
    2144       3.3424
    2145       3.3881
    2146       3.5713
    2147       3.7282
    2148       3.7184
    2149       3.5889
    2150       3.3517
    2151       3.6191
    2152       3.4602
    2153       3.5931
    2154       3.7254
    2155       3.4307
    2156       3.6104
    2157       3.8762
    2158       3.5050
    2159       3.3733
    2160       3.5815
    2161       3.7208
    2162       3.6125
    2163       3.9398
    2164       3.7426
    2165       3.6399
    2166       3.8594
    2167       3.6214
    2168       3.5001
    2169       3.6922
    2170       3.8490
    2171       3.4933
    2172       3.5732
    2173       3.5421
    2174       3.6664
    2175       3.4576
    2176       3.1356
    2177       3.1562
    2178       3.3887
    2179       3.2708
    2180       3.5309
    2181       3.1664
    2182       3.0469
    2183       3.4818
    2184       3.5794
    2185       2.8642
    2186       3.1474
    2187       3.4778
    2188       3.4465
    2189       3.3583
    2190       3.8098
    2191       3.5535
    2192       3.4739
    2193       3.4780
    2194       3.3989
    2195       3.6139
    2196       3.8446
    2197       3.4592
    2198       3.7800
    2199       4.2085
    2200       3.9476
    2201       3.6895
    2202       4.1302
    2203       4.0488
    2204       3.6422
    2205       3.8725
    2206       3.8942
    2207       3.6797
    2208       3.6064
    2209       3.7191
    2210       3.8504
    2211       3.6037
    2212       3.3806
    2213       3.7063
    2214       3.5822
    2215       3.8259
    2216       3.9119
    2217       3.7474
    2218       3.8583
    2219       4.1341
    2220       3.9917
    2221       3.5919
    2222       3.5357
    2223       3.5532
    2224       3.9708
    2225       4.0486
    2226       3.9083
    2227       4.1049
    2228       4.1335
    2229       4.2714
    2230       3.7641
    2231       4.0797
    2232       3.8085
    2233       3.5750
    2234       4.3847
    2235       3.9233
    2236       4.0540
    2237       4.0076
    2238       3.6551
    2239       3.7831
    2240       3.6144
    2241       3.9218
    2242       3.9481
    2243       3.8830
    2244       4.0893
    2245       3.9923
    2246       3.8709
    2247       3.8727
    2248       3.9360
    2249       3.8422
    2250       3.9540
    2251       4.2180
    2252       4.2684
    2253       3.9526
    2254       4.1519
    2255       4.1656
    2256       4.1694
    2257       3.9932
    2258       3.8820
    2259       4.2447
    2260       4.1920
    2261       3.9276
    2262       3.8580
    2263       3.5241
    2264       3.9868
    2265       3.7482
    2266       4.0489
    2267       3.8837
    2268       4.1891
    2269       4.5300
    2270       4.2741
    2271       3.6789
    2272       4.1411
    2273       3.5480
    2274       4.0201
    2275       4.2522
    2276       4.2357
    2277       4.2461
    2278       4.2764
    2279       4.5166
    2280       3.7982
    2281       4.2488
    2282       3.8678
    2283       3.4998
    2284       3.7055
    2285       3.6084
    2286       3.4631
    2287       3.6000
    2288       3.2769
    2289       3.5852
    2290       3.2365
    2291       4.0007
    2292       4.4736
    2293       3.9201
    2294       3.6825
    2295       3.5474
    2296       3.4148
    2297       3.5707
    2298       3.7084
    2299       3.6622
    2300       3.7555
    2301       3.8054
    2302       3.7780
    2303       3.4978
    2304       3.7796
    2305       3.7812
    2306       4.0639
    2307       3.8940
    2308       3.7662
    2309       3.7481
    2310       4.0891
    2311       4.2294
    2312       4.3150
    2313       4.0881
    2314       3.4810
    2315       3.6831
    2316       3.2402
    2317       3.3486
    2318       3.7206
    2319       3.4288
    2320       3.4706
    2321       3.4856
    2322       3.5921
    2323       3.4961
    2324       3.6071
    2325       3.6529
    2326       3.6270
    2327       3.9762
    2328       3.8337
    2329       3.6392
    2330       3.6672
    2331       3.8453
    2332       3.3063
    2333       3.1701
    2334       3.4901
    2335       3.2840
    2336       3.6227
    2337       3.5140
    2338       3.6907
    2339       4.1343
    2340       3.8861
    2341       3.5309
    2342       3.4878
    2343       3.8405
    2344       4.3688
    2345       4.4489
    2346       4.2578
    2347       4.3540
    2348       4.2027
    2349       4.0572
    2350       3.4147
    2351       3.6499
    2352       3.1757
    2353       3.4366
    2354       3.3835
    2355       3.5024
    2356       3.3373
    2357       3.3482
    2358       3.4901
    2359       3.1745
    2360       3.2880
    2361       3.4733
    2362       3.5629
    2363       3.6532
    2364       3.6116
    2365       3.8142
    2366       3.4681
    2367       3.2771
    2368       3.3842
    2369       3.7505
    2370       3.8009
    2371       3.6737
    2372       3.3386
    2373       3.4462
    2374       3.0964
    2375       3.0313
    2376       3.0093
    2377       3.3996
    2378       3.4674
    2379       3.4557
    2380       3.7595
    2381       3.9317
    2382       3.7238
    2383       3.5231
    2384       3.2343
    2385       3.4028
    2386       3.0366
    2387       3.3265
    2388       3.6431
    2389       3.8521
    2390       3.5934
    2391       3.4259
    2392       3.7403
    2393       3.7234
    2394       3.8587
    2395       4.0654
    2396       3.8450
    2397       3.8103
    2398       3.9132
    2399       3.5429
    2400       3.5843
    2401       3.5932
    2402       3.1457
    2403       3.3680
    2404       3.4403
    2405       3.3190
    2406       3.3674
    2407       3.3284
    2408       3.3195
    2409       3.1770
    2410       3.4598
    2411       3.7611
    2412       3.7009
    2413       3.2959
    2414       3.4249
    2415       3.4653
    2416       3.5193
    2417       3.0958
    2418       3.2158
    2419       3.8138
    2420       3.7033
    2421       4.0179
    2422       3.8981
    2423       3.3576
    2424       3.6007
    2425       3.3699
    2426       3.5368
    2427       3.9476
    2428       3.7923
    2429       3.6192
    2430       3.5523
    2431       3.3944
    2432       3.3796
    2433       3.4386
    2434       3.6701
    2435       3.6333
    2436       3.4268
    2437       3.4720
    2438       3.6288
    2439       3.5288
    2440       3.5241
    2441       3.6337
    2442       3.2985
    2443       3.1502
    2444       3.0790
    2445       3.3736
    2446       3.3048
    2447       3.5917
    2448       3.5475
    2449       3.1956
    2450       3.4937
    2451       3.4430
    2452       3.4370
    2453       3.2413
    2454       3.4556
    2455       3.5879
    2456       3.9422
    2457       4.0256
    2458       4.0073
    2459       3.5618
    2460       3.9784
    2461       4.0856
    2462       3.9402
    2463       3.9385
    2464       4.2621
    2465       4.0142
    2466       4.0175
    2467       4.3119
    2468       4.1127
    2469       3.9940
    2470       4.0130
    2471       3.8222
    2472       3.8483
    2473       3.7270
    2474       3.5891
    2475       4.1449
    2476       4.2618
    2477       4.1354
    2478       3.8269
    2479       3.8838
    2480       3.8641
    2481       3.7714
    2482       3.9045
    2483       4.1048
    2484       4.3577
    2485       4.3813
    2486       4.6901
    2487       4.4309
    2488       4.0408
    2489       3.8744
    2490       4.0777
    2491       3.9644
    2492       3.7081
    2493       3.4952
    2494       3.2330
    2495       3.3750
    2496       4.0030
    2497       3.9266
    2498       4.0325
    2499       3.7322
    2500       4.0157
    2501       3.8540
    2502       4.0152
    2503       3.7115
    2504       4.2684
    2505       3.7980
    2506       3.7118
    2507       3.7958
    2508       3.8713
    2509       4.0778
    2510       4.3028
    2511       4.2799
    2512       4.1635
    2513       3.7998
    2514       3.8188
    2515       4.4227
    2516       4.4789
    2517       4.1808
    2518       3.9743
    2519       3.9436
    2520       3.8882
    2521       4.2760
    2522       4.1312
    2523       3.8739
    2524       3.8247
    2525       4.0272
    2526       3.7674
    2527       3.7205
    2528       3.8027
    2529       3.4452
    2530       3.5162
    2531       3.2922
    2532       3.7630
    2533       3.8897
    2534       4.3023
    2535       3.9712
    2536       3.4814
    2537       3.8743
    2538       3.8842
    2539       3.8146
    2540       4.0333
    2541       3.6601
    2542       4.1508
    2543       4.1242
    2544       4.1024
    2545       4.3713
    2546       4.1763
    2547       4.4130
    2548       4.0315
    2549       4.3596
    2550       4.3655
    2551       4.0870
    2552       4.2006
    2553       4.3595
    2554       4.3035
    2555       4.6552
    2556       4.5843
    2557       4.0007
    2558       4.1400
    2559       3.6813
    2560       3.7117
    2561       3.9337
    2562       4.0354
    2563       3.8551
    2564       4.0868
    2565       4.3313
    2566       4.2076
    2567       3.9636
    2568       3.9368
    2569       3.9691
    2570       3.8151
    2571       4.1241
    2572       4.1857
    2573       3.9785
    2574       4.0874
    2575       4.5959
    2576       4.7339
    2577       4.3974
    2578       4.0751
    2579       4.1691
    2580       4.0812
    2581       4.1985
    2582       4.2458
    2583       3.9863
    2584       4.3212
    2585       4.1690
    2586       4.1776
    2587       4.1326
    2588       4.2373
    2589       4.4898
    2590       3.9823
    2591       4.3298
    2592       4.3389
    2593       4.2021
    2594       3.8614
    2595       4.2618
    2596       3.7618
    2597       4.1368
    2598       4.2389
    2599       4.0105
    2600       3.9943
    2601       4.2791
    2602       4.6873
    2603       4.3110
    2604       3.8788
    2605       3.9464
    2606       4.2117
    2607       3.7987
    2608       3.7498
    2609       4.0580
    2610       3.5887
    2611       3.5403
    2612       3.7179
    2613       3.6104
    2614       3.5800
    2615       4.0195
    2616       4.3263
    2617       3.8402
    2618       3.9566
    2619       4.0859
    2620       4.1095
    2621       3.9575
    2622       4.1476
    2623       4.3401
    2624       4.0095
    2625       4.4945
    2626       4.0251
    2627       4.4956
    2628       4.1935
    2629       4.2737
    2630       4.7245
    2631       4.3136
    2632       4.4913
    2633       4.4616
    2634       4.5478
    2635       4.2300
    2636       4.5217
    2637       4.7851
    2638       4.7464
    2639       4.8786
    2640       4.6295
    2641       4.5772
    2642       4.8315
    2643       4.5565
    2644       4.2775
    2645       4.4598
    2646       4.6081
    2647       4.4741
    2648       4.4197
    2649       3.8664
    2650       3.9770
    2651       4.5494
    2652       4.4715
    2653       4.3207
    2654       4.5800
    2655       4.4573
    2656       4.3140
    2657       4.3540
    2658       3.8528
    2659       4.3907
    2660       4.2759
    2661       4.0409
    2662       4.3774
    2663       4.3035
    2664       3.9086
    2665       4.2813
    2666       4.3532
    2667       4.0110
    2668       4.2917
    2669       4.4493
    2670       4.2654
    2671       4.4329
    2672       4.2224
    2673       4.3282
    2674       4.6033
    2675       4.2722
    2676       4.2186
    2677       3.7775
    2678       3.7942
    2679       3.9259
    2680       4.2418
    2681       4.4637
    2682       3.9998
    2683       4.1267
    2684       4.1370
    2685       4.0604
    2686       3.6139
    2687       3.8626
    2688       3.4588
    2689       3.4415
    2690       3.8189
    2691       3.4856
    2692       3.5199
    2693       3.4874
    2694       3.4314
    2695       3.5402
    2696       3.3212
    2697       3.4697
    2698       3.2947
    2699       3.6434
    2700       3.7984
    2701       4.0498
    2702       4.3446
    2703       4.1843
    2704       3.8993
    2705       3.9042
    2706       3.6149
    2707       3.6333
    2708       3.6671
    2709       3.6861
    2710       3.4968
    2711       3.4225
    2712       3.5729
    2713       3.3112
    2714       3.0742
    2715       3.5269
    2716       3.7442
    2717       3.6448
    2718       4.0558
    2719       3.6493
    2720       3.9716
    2721       4.3248
    2722       4.1974
    2723       4.0828
    2724       4.2753
    2725       3.9671
    2726       3.5796
    2727       3.9233
    2728       3.6905
    2729       3.5271
    2730       4.0461
    2731       3.9483
    2732       4.0046
    2733       3.9403
    2734       3.4500
    2735       3.8420
    2736       3.8586
    2737       3.8156
    2738       4.4308
    2739       4.0812
    2740       4.1669
    2741       3.9141
    2742       3.6688
    2743       3.7300
    2744       3.5728
    2745       4.0147
    2746       3.7227
    2747       3.7726
    2748       3.8122
    2749       3.8448
    2750       4.1394
    2751       4.2273
    2752       4.0527
    2753       3.8937
    2754       4.0933
    2755       4.0589
    2756       4.0277
    2757       3.7606
    2758       3.5561
    2759       3.6570
    2760       3.9933
    2761       4.0316
    2762       4.2083
    2763       3.7403
    2764       3.8570
    2765       4.0532
    2766       4.2209
    2767       3.9667
    2768       4.1532
    2769       4.0459
    2770       3.8669
    2771       3.9761
    2772       4.1901
    2773       3.9273
    2774       3.9565
    2775       3.9666
    2776       3.8923
    2777       3.8176
    2778       3.5715
    2779       3.7661
    2780       3.9332
    2781       3.9066
    2782       4.0350
    2783       4.4491
    2784       4.2440
    2785       3.9325
    2786       3.8595
    2787       4.1763
    2788       4.4070
    2789       3.8202
    2790       3.8487
    2791       4.1129
    2792       3.7963
    2793       3.6519
    2794       3.6031
    2795       3.5310
    2796       4.0325
    2797       3.6766
    2798       3.5603
    2799       3.5452
    2800       3.7002
    2801       3.6806
    2802       4.0241
    2803       4.0702
    2804       3.9302
    2805       3.7417
    2806       3.9963
    2807       4.0244
    2808       3.5828
    2809       3.6907
    2810       3.8173
    2811       3.7113
    2812       3.5154
    2813       3.1500
    2814       3.3060
    2815       3.2083
    2816       3.5590
    2817       3.9033
    2818       3.4636
    2819       3.3845
    2820       3.6051
    2821       3.3455
    2822       3.5515
    2823       3.5145
    2824       3.6857
    2825       3.7037
    2826       3.4879
    2827       3.8293
    2828       3.7398
    2829       3.9145
    2830       4.0328
    2831       3.8540
    2832       3.9140
    2833       3.9837
    2834       4.0333
    2835       4.2920
    2836       4.0020
    2837       3.9481
    2838       3.8036
    2839       4.3756
    2840       3.8109
    2841       4.2554
    2842       4.0959
    2843       3.7910
    2844       3.6988
    2845       3.8750
    2846       4.0154
    2847       3.8921
    2848       3.8953
    2849       4.0830
    2850       4.0971
    2851       4.1368
    2852       4.5823
    2853       3.8225
    2854       3.7379
    2855       3.9229
    2856       3.8107
    2857       3.5058
    2858       3.7074
    2859       3.8798
    2860       3.7649
    2861       3.7138
    2862       3.7305
    2863       4.0263
    2864       4.0004
    2865       3.8682
    2866       3.8559
    2867       4.0093
    2868       4.0382
    2869       4.0169
    2870       3.8832
    2871       3.9097
    2872       3.7066
    2873       3.4547
    2874       3.8285
    2875       3.6697
    2876       3.8580
    2877       3.6498
    2878       3.3561
    2879       3.4951
    2880       3.4614
    2881       3.7053
    2882       4.1373
    2883       3.6022
    2884       3.8479
    2885       3.7500
    2886       3.7807
    2887       3.8358
    2888       3.9952
    2889       4.0342
    2890       3.8019
    2891       3.6215
    2892       3.6665
    2893       3.7900
    2894       3.9353
    2895       3.8818
    2896       3.6862
    2897       3.9782
    2898       4.0366
    2899       3.7459
    2900       4.0131
    2901       3.7572
    2902       3.6777
    2903       3.5296
    2904       3.6119
    2905       3.3614
    2906       3.3800
    2907       3.3864
    2908       3.3445
    2909       3.1592
    2910       3.3399
    2911       3.7639
    2912       3.6994
    2913       3.5798
    2914       3.2870
    2915       3.2263
    2916       3.2381
    2917       3.2918
    2918       3.1117
    2919       3.6415
    2920       3.7218
    2921       4.0548
    2922       4.1541
    2923       3.9292
    2924       3.7739
    2925       3.9031
    2926       3.5171
    2927       3.5537
    2928       3.4895
    2929       3.8622
    2930       3.7928
    2931       3.9520
    2932       3.6718
    2933       3.6490
    2934       3.7001
    2935       3.8426
    2936       3.7988
    2937       3.6907
    2938       3.5507
    2939       4.0485
    2940       3.7267
    2941       3.9159
    2942       3.9593
    2943       4.1261
    2944       3.7974
    2945       3.8744
    2946       3.8554
    2947       4.0430
    2948       4.0554
    2949       3.9184
    2950       3.7808
    2951       3.6301
    2952       3.9423
    2953       3.8558
    2954       4.0605
    2955       3.5955
    2956       3.8025
    2957       3.6895
    2958       4.1985
    2959       3.8011
    2960       3.8462
    2961       3.8305
    2962       3.5005
    2963       3.7577
    2964       3.8103
    2965       3.9892
    2966       3.8273
    2967       3.4777
    2968       3.5018
    2969       3.7493
    2970       3.5098
    2971       3.5239
    2972       3.9000
    2973       3.7910
    2974       3.9503
    2975       3.8786
    2976       3.6372
    2977       4.0421
    2978       4.0598
    2979       3.8480
    2980       4.1280
    2981       3.8279
    2982       3.8985
    2983       3.8916
    2984       4.0795
    2985       3.6139
    2986       3.5413
    2987       4.0951
    2988       4.4927
    2989       4.1634
    2990       4.4642
    2991       4.3270
    2992       4.3024
    2993       4.1526
    2994       4.4388
    2995       4.3914
    2996       4.1120
    2997       4.2448
    2998       4.1478
    2999       4.1276
    3000       4.4644
    3001       4.4083
    3002       4.0442
    3003       3.9637
    3004       4.1890
    3005       3.9207
    3006       4.1782
    3007       4.1398
    3008       3.9273
    3009       3.6610
    3010       3.8060
    3011       3.8384
    3012       3.7923
    3013       3.5378
    3014       3.7458
    3015       3.5796
    3016       3.4388
    3017       3.6809
    3018       3.3969
    3019       3.3143
    3020       3.6423
    3021       3.1890
    3022       2.9301
    3023       3.1794
    3024       3.1664
    3025       3.3087
    3026       3.6071
    3027       3.5805
    3028       3.6411
    3029       3.7806
    3030       3.6729
    3031       3.8575
    3032       3.7117
    3033       3.5119
    3034       3.3817
    3035       3.2608
    3036       3.7487
    3037       3.9730
    3038       3.6890
    3039       3.9746
    3040       3.7229
    3041       3.8592
    3042       3.8841
    3043       3.9806
    3044       4.1575
    3045       4.3604
    3046       4.1382
    3047       4.1830
    3048       4.1653
    3049       3.8210
    3050       3.9480
    3051       3.7649
    3052       3.8693
    3053       3.7169
    3054       3.9196
    3055       3.5926
    3056       3.8761
    3057       4.0701
    3058       4.0728
    3059       4.0683
    3060       4.2180
    3061       4.1598
    3062       3.9231
    3063       4.0308
    3064       4.2032
    3065       4.4182
    3066       4.1623
    3067       3.7508
    3068       3.4200
    3069       3.6175
    3070       3.4494
    3071       3.7747
    3072       3.2778
    3073       3.4469
    3074       3.7734
    3075       3.8990
    3076       4.0561
    3077       4.2268
    3078       3.5088
    3079       3.2932
    3080       3.4887
    3081       3.6390
    3082       3.2620
    3083       3.4824
    3084       3.3753
    3085       3.4594
    3086       3.4308
    3087       3.4219
    3088       3.2706
    3089       3.4709
    3090       3.3595
    3091       3.3434
    3092       3.3073
    3093       3.6301
    3094       3.3676
    3095       3.3709
    3096       3.3281
    3097       3.1497
    3098       3.5771
    3099       3.6084
    3100       3.3226
    3101       3.4276
    3102       3.5550
    3103       3.4062
    3104       3.1412
    3105       3.5420
    3106       3.6681
    3107       3.6439
    3108       3.7919
    3109       3.9394
    3110       4.0537
    3111       3.4916
    3112       3.8765
    3113       3.5921
    3114       3.7113
    3115       3.6979
    3116       3.4711
    3117       3.5808
    3118       3.7287
    3119       3.6424
    3120       3.7054
    3121       3.4879
    3122       3.3972
    3123       3.5118
    3124       3.5707
    3125       3.3293
    3126       3.6327
    3127       3.6914
    3128       3.0789
    3129       3.3383
    3130       3.2605
    3131       3.2712
    3132       3.1407
    3133       3.1056
    3134       2.9171
    3135       3.0346
    3136       3.2420
    3137       2.9625
    3138       3.2802
    3139       3.5489
    3140       3.7555
    3141       3.3890
    3142       3.2250
    3143       3.1795
    3144       3.4099
    3145       3.3313
    3146       3.4327
    3147       3.6151
    3148       3.2270
    3149       3.3259
    3150       3.1047
    3151       3.0098
    3152       3.4441
    3153       3.1067
    3154       3.2762
    3155       3.3107
    3156       3.2384
    3157       3.2148
    3158       3.0657
    3159       3.1555
    3160       3.5181
    3161       3.2334
    3162       3.4180
    3163       3.4190
    3164       3.4734
    3165       3.2471
    3166       3.2077
    3167       3.2415
    3168       3.3414
    3169       3.3786
    3170       3.2323
    3171       3.4230
    3172       3.2910
    3173       3.5034
    3174       3.2513
    3175       3.1623
    3176       3.4008
    3177       3.5103
    3178       3.2315
    3179       3.2931
    3180       3.4012
    3181       3.8607
    3182       4.0094
    3183       3.4246
    3184       3.3263
    3185       3.7721
    3186       3.4356
    3187       3.7117
    3188       3.6800
    3189       3.4729
    3190       3.8650
    3191       3.7023
    3192       3.5156
    3193       3.8269
    3194       3.5212
    3195       3.3711
    3196       3.2157
    3197       3.5828
    3198       3.3380
    3199       3.1989
    3200       3.6052
    3201       3.1726
    3202       3.5271
    3203       3.5829
    3204       3.2976
    3205       3.4605
    3206       3.5296
    3207       3.9396
    3208       3.6484
    3209       3.4856
    3210       3.4269
    3211       3.1908
    3212       3.2040
    3213       3.4719
    3214       3.6653
    3215       3.4627
    3216       3.3221
    3217       3.3620
    3218       3.1500
    3219       3.3222
    3220       3.2043
    3221       3.1662
    3222       3.2019
    3223       3.2816
    3224       3.5430
    3225       3.3585
    3226       3.5079
    3227       3.2024
    3228       3.1919
    3229       3.2807
    3230       3.4099
    3231       3.5323
    3232       3.3044
    3233       3.3004
    3234       3.9047
    3235       4.0720
    3236       3.7669
    3237       3.8508
    3238       4.2378
    3239       4.0105
    3240       3.6737
    3241       3.9698
    3242       4.1009
    3243       3.9240
    3244       4.0234
    3245       4.3128
    3246       3.8470
    3247       3.7071
    3248       3.7324
    3249       3.5541
    3250       3.8580
    3251       4.1826
    3252       3.6229
    3253       3.9639
    3254       3.6509
    3255       3.9345
    3256       3.7329
    3257       3.7961
    3258       3.6257
    3259       4.0123
    3260       4.0109
    3261       4.0521
    3262       3.8289
    3263       3.5642
    3264       3.4969
    3265       3.6738
    3266       4.0303
    3267       3.6439
    3268       4.0306
    3269       3.7141
    3270       3.7026
    3271       3.9791
    3272       3.7500
    3273       3.7642
    3274       4.1519
    3275       4.2098
    3276       3.6768
    3277       3.7088
    3278       3.6980
    3279       3.6119
    3280       3.8962
    3281       3.8560
    3282       3.7433
    3283       4.0535
    3284       4.2356
    3285       4.0015
    3286       3.9994
    3287       4.0119
    3288       3.8918
    3289       3.6476
    3290       3.6706
    3291       3.8648
    3292       4.0075
    3293       3.8201
    3294       3.6719
    3295       3.8545
    3296       3.6379
    3297       3.8036
    3298       4.1357
    3299       3.6466
    3300       3.5755
    3301       3.8214
    3302       3.8614
    3303       3.7787
    3304       4.0314
    3305       3.5581
    3306       3.5972
    3307       3.8295
    3308       3.9584
    3309       3.5953
    3310       3.7507
    3311       3.7493
    3312       3.5350
    3313       3.5265
    3314       3.5837
    3315       3.7083
    3316       3.6118
    3317       3.4795
    3318       3.4843
    3319       3.5856
    3320       3.4700
    3321       3.3513
    3322       3.5470
    3323       3.6456
    3324       3.5956
    3325       3.2816
    3326       3.7133
    3327       3.2202
    3328       3.0502
    3329       3.3310
    3330       3.2887
    3331       3.4447
    3332       3.1661
    3333       3.3669
    3334       3.3596
    3335       3.1014
    3336       3.3516
    3337       3.5304
    3338       3.5349
    3339       3.4859
    3340       3.9232
    3341       3.7792
    3342       4.0089
    3343       4.2662
    3344       3.6534
    3345       3.9601
    3346       3.6330
    3347       3.5993
    3348       3.7233
    3349       3.7657
    3350       3.9020
    3351       3.9234
    3352       3.4879
    3353       3.4918
    3354       3.5484
    3355       3.6068
    3356       3.5111
    3357       3.5206
    3358       3.3625
    3359       3.2216
    3360       3.2649
    3361       3.3988
    3362       3.5139
    3363       3.8334
    3364       3.6454
    3365       3.8797
    3366       3.8099
    3367       3.6608
    3368       3.7435
    3369       3.5470
    3370       3.4371
    3371       3.8644
    3372       3.7062
    3373       3.5643
    3374       3.9027
    3375       3.6726
    3376       3.7572
    3377       3.8186
    3378       3.7102
    3379       3.9166
    3380       3.6942
    3381       3.6205
    3382       3.4044
    3383       3.6501
    3384       3.9224
    3385       3.6775
    3386       3.7797
    3387       3.7296
    3388       3.6238
    3389       3.4727
    3390       3.8332
    3391       3.6674
    3392       3.7180
    3393       3.8121
    3394       3.5674
    3395       4.0932
    3396       3.8534
    3397       3.9089
    3398       3.8717
    3399       3.7674
    3400       3.8940
    3401       3.9952
    3402       3.6835
    3403       3.9108
    3404       3.8750
    3405       4.0819
    3406       4.0628
    3407       4.0694
    3408       3.9924
    3409       3.8787
    3410       3.8125
    3411       3.8469
    3412       3.8271
    3413       3.7756
    3414       3.5047
    3415       3.5234
    3416       3.4327
    3417       3.5239
    3418       3.2950
    3419       3.5226
    3420       3.6759
    3421       3.8956
    3422       3.5804
    3423       3.7257
    3424       3.7733
    3425       3.7750
    3426       4.1878
    3427       4.3130
    3428       4.2161
    3429       4.0428
    3430       4.0135
    3431       4.4437
    3432       4.5926
    3433       4.4885
    3434       4.5535
    3435       4.2751
    3436       4.1652
    3437       4.4106
    3438       3.9429
    3439       3.8949
    3440       3.6941
    3441       3.8599
    3442       3.6388
    3443       3.7120
    3444       3.7955
    3445       3.6714
    3446       3.6186
    3447       3.8880
    3448       3.3693
    3449       3.5422
    3450       3.8724
    3451       3.3595
    3452       3.6972
    3453       3.6102
    3454       3.6828
    3455       3.8440
    3456       3.8906
    3457       3.2639
    3458       3.4977
    3459       3.6444
    3460       3.6447
    3461       3.6549
    3462       3.4848
    3463       3.4471
    3464       3.4456
    3465       3.7042
    3466       3.8851
    3467       3.9215
    3468       3.8239
    3469       4.0022
    3470       4.2963
    3471       4.2242
    3472       4.1623
    3473       4.0946
    3474       4.0998
    3475       3.9807
    3476       3.9003
    3477       3.7136
    3478       3.9192
    3479       3.6587
    3480       3.8628
    3481       3.5751
    3482       3.5933
    3483       3.8401
    3484       3.6649
    3485       3.5551
    3486       3.3086
    3487       3.1470
    3488       3.2857
    3489       3.3107
    3490       3.3725
    3491       3.8476
    3492       3.8245
    3493       3.6972
    3494       3.6921
    3495       3.5244
    3496       3.7075
    3497       3.5500
    3498       3.3882
    3499       3.4844
    3500       3.4725
    3501       3.6550
    3502       3.8837
    3503       3.5325
    3504       3.4105
    3505       3.6408
    3506       3.7344
    3507       3.5972
    3508       3.6997
    3509       3.6866
    3510       3.6541
    3511       3.5330
    3512       3.1999
    3513       3.1706
    3514       3.2667
    3515       3.2379
    3516       3.4382
    3517       3.3223
    3518       3.5210
    3519       3.8576
    3520       3.8162
    3521       3.7767
    3522       3.9577
    3523       3.7418
    3524       3.8836
    3525       3.9391
    3526       3.6203
    3527       3.5648
    3528       3.8548
    3529       3.7727
    3530       3.4889
    3531       3.7194
    3532       3.7132
    3533       3.6165
    3534       3.3984
    3535       3.4833
    3536       3.5807
    3537       3.5452
    3538       3.4378
    3539       3.4016
    3540       3.5773
    3541       3.4422
    3542       3.4533
    3543       3.5675
    3544       3.3733
    3545       3.1194
    3546       3.3658
    3547       3.4118
    3548       3.5438
    3549       3.5134
    3550       3.4737
    3551       3.5172
    3552       3.6262
    3553       3.6884
    3554       3.4025
    3555       3.3956
    3556       3.3144
    3557       3.3644
    3558       3.2498
    3559       3.3331
    3560       3.2497
    3561       3.4372
    3562       3.3487
    3563       3.4233
    3564       3.1750
    3565       3.3209
    3566       3.3369
    3567       3.0581
    3568       3.3430
    3569       3.3611
    3570       3.4585
    3571       3.5397
    3572       3.4913
    3573       3.4384
    3574       3.5756
    3575       3.8405
    3576       3.7669
    3577       3.4115
    3578       3.3948
    3579       3.4197
    3580       3.4728
    3581       3.3467
    3582       3.3572
    3583       3.4718
    3584       3.6570
    3585       3.8063
    3586       3.6639
    3587       3.4891
    3588       3.4364
    3589       3.5803
    3590       3.5983
    3591       3.9265
    3592       3.7323
    3593       3.6959
    3594       3.2138
    3595       3.3753
    3596       3.3381
    3597       3.4341
    3598       3.7238
    3599       3.8129
    3600       3.4818
    3601       3.6789
    3602       3.4294
    3603       3.6115
    3604       3.1649
    3605       3.5463
    3606       3.5715
    3607       3.5538
    3608       3.5038
    3609       3.4707
    3610       3.6024
    3611       3.6657
    3612       3.4544
    3613       3.6987
    3614       3.0659
    3615       3.2633
    3616       3.0581
    3617       3.1012
    3618       3.0493
    3619       3.2615
    3620       3.1468
    3621       3.2474
    3622       3.0639
    3623       3.3172
    3624       3.1573
    3625       3.3032
    3626       3.3480
    3627       3.5759
    3628       3.7349
    3629       3.6655
    3630       3.4115
    3631       3.3141
    3632       3.6118
    3633       3.7171
    3634       3.4836
    3635       3.7894
    3636       3.6197
    3637       3.8482
    3638       3.9557
    3639       3.9839
    3640       4.0072
    3641       4.0251
    3642       4.1928
    3643       3.8595
    3644       3.9203
    3645       3.9841
    3646       3.7893
    3647       3.6830
    3648       3.6986
    3649       3.5609
    3650       3.6659
    3651       4.0517
    3652       4.2704
    3653       3.8831
    3654       3.7994
    3655       3.8466
    3656       3.7892
    3657       3.8644
    3658       3.5027
    3659       3.6319
    3660       3.7114
    3661       3.7454
    3662       3.5002
    3663       3.3096
    3664       3.3453
    3665       3.6024
    3666       3.2499
    3667       3.4184
    3668       3.6075
    3669       3.3592
    3670       3.1889
    3671       3.2715
    3672       3.3584
    3673       3.7192
    3674       3.6376
    3675       3.3231
    3676       3.2917
    3677       3.5396
    3678       3.5918
    3679       3.4941
    3680       3.3013
    3681       3.4826
    3682       3.4285
    3683       3.6545
    3684       3.6303
    3685       3.7332
    3686       3.4373
    3687       3.3690
    3688       3.5007
    3689       3.4435
    3690       3.5183
    3691       3.6984
    3692       3.9109
    3693       3.5682
    3694       3.7356
    3695       3.6657
    3696       3.4673
    3697       3.5942
    3698       3.3790
    3699       3.5438
    3700       3.4274
    3701       3.5649
    3702       3.5640
    3703       3.7092
    3704       3.6534
    3705       3.7466
    3706       3.4463
    3707       3.7814
    3708       3.4664
    3709       3.8151
    3710       3.5696
    3711       3.7118
    3712       3.7030
    3713       3.4345
    3714       3.8596
    3715       3.5730
    3716       3.6856
    3717       3.6745
    3718       3.7053
    3719       3.6072
    3720       3.6513
    3721       3.6117
    3722       3.8744
    3723       3.5899
    3724       3.5571
    3725       3.7071
    3726       3.6505
    3727       3.9727
    3728       3.8401
    3729       3.4816
    3730       3.2746
    3731       3.0816
    3732       3.0841
    3733       3.2633
    3734       3.4004
    3735       3.2493
    3736       3.2457
    3737       3.4082
    3738       3.2923
    3739       3.1218
    3740       3.4733
    3741       3.5140
    3742       3.3714
    3743       3.2519
    3744       3.2596
    3745       3.4598
    3746       3.3315
    3747       3.2209
    3748       3.5445
    3749       3.3841
    3750       3.2131
    3751       3.3448
    3752       3.0736
    3753       3.2447
    3754       3.1066
    3755       3.0288
    3756       3.1262
    3757       3.3627
    3758       3.2737
    3759       3.1843
    3760       3.3596
    3761       3.3273
    3762       3.4270
    3763       3.6136
    3764       3.3047
    3765       3.3847
    3766       3.5665
    3767       3.8558
    3768       3.6147
    3769       3.9399
    3770       3.7015
    3771       3.6721
    3772       3.5943
    3773       3.6091
    3774       3.9876
    3775       3.6949
    3776       3.7261
    3777       3.4773
    3778       3.5479
    3779       3.7008
    3780       3.4045
    3781       3.4884
    3782       3.4435
    3783       3.7969
    3784       3.6032
    3785       3.6227
    3786       3.6987
    3787       3.8543
    3788       3.9129
    3789       3.9928
    3790       3.8130
    3791       4.0557
    3792       3.9697
    3793       3.6761
    3794       3.6612
    3795       3.8507
    3796       3.9288
    3797       3.5319
    3798       3.8763
    3799       3.7336
    3800       3.2859
    3801       3.4440
    3802       3.4742
    3803       3.4400
    3804       3.4985
    3805       3.2206
    3806       3.5308
    3807       3.7260
    3808       3.3652
    3809       3.4517
    3810       3.6432
    3811       3.5296
    3812       3.5918
    3813       4.2269
    3814       3.5197
    3815       3.6513
    3816       3.5848
    3817       3.6407
    3818       4.0554
    3819       3.8927
    3820       3.7088
    3821       3.6977
    3822       3.6099
    3823       3.5545
    3824       3.1882
    3825       3.4387
    3826       3.6724
    3827       3.6818
    3828       3.8386
    3829       3.6278
    3830       3.6992
    3831       3.8386
    3832       3.5975
    3833       4.1828
    3834       3.4330
    3835       3.6826
    3836       3.5270
    3837       3.6994
    3838       3.4075
    3839       3.2967
    3840       3.7382
    3841       3.4853
    3842       3.6929
    3843       3.3128
    3844       3.4054
    3845       3.6315
    3846       3.6503
    3847       3.5689
    3848       3.4735
    3849       3.5531
    3850       3.7036
    3851       3.5452
    3852       3.7036
    3853       3.5884
    3854       3.4216
    3855       3.6543
    3856       3.4912
    3857       3.4835
    3858       3.3586
    3859       3.1081
    3860       3.3772
    3861       3.6258
    3862       3.5422
    3863       3.5643
    3864       3.3644
    3865       3.3214
    3866       3.4275
    3867       3.3558
    3868       3.5853
    3869       3.7940
    3870       3.5378
    3871       3.6046
    3872       3.7604
    3873       3.4934
    3874       3.6877
    3875       3.6284
    3876       3.8239
    3877       4.0000
    3878       3.6086
    3879       3.7824
    3880       3.9623
    3881       3.8499
    3882       4.4171
    3883       3.9969
    3884       4.0001
    3885       3.7953
    3886       3.8569
    3887       3.6268
    3888       3.7007
    3889       3.5627
    3890       3.7552
    3891       3.5073
    3892       3.5138
    3893       3.4219
    3894       3.5145
    3895       3.2715
    3896       3.4826
    3897       3.4772
    3898       3.4402
    3899       3.6882
    3900       3.8574
    3901       3.6999
    3902       3.8137
    3903       3.6733
    3904       3.7833
    3905       3.7080
    3906       3.6924
    3907       3.4804
    3908       3.6900
    3909       3.8292
    3910       3.6602
    3911       3.7134
    3912       3.6290
    3913       3.6918
    3914       3.6660
    3915       3.4714
    3916       3.5153
    3917       3.8225
    3918       3.6592
    3919       3.3772
    3920       3.5152
    3921       3.4807
    3922       3.4978
    3923       3.6430
    3924       3.9117
    3925       3.5993
    3926       3.5138
    3927       3.5699
    3928       3.6966
    3929       3.9957
    3930       3.9098
    3931       3.7683
    3932       3.9223
    3933       3.6999
    3934       3.4158
    3935       3.6107
    3936       3.7484
    3937       3.6242
    3938       3.9182
    3939       3.6358
    3940       3.9273
    3941       4.1218
    3942       3.5649
    3943       3.6367
    3944       3.4997
    3945       3.7648
    3946       3.5031
    3947       3.4246
    3948       4.0722
    3949       3.6380
    3950       3.2323
    3951       3.5738
    3952       3.4643
    3953       3.3945
    3954       3.4321
    3955       3.4218
    3956       3.3182
    3957       3.4128
    3958       3.6156
    3959       3.5203
    3960       3.7458
    3961       3.5912
    3962       3.4530
    3963       3.6504
    3964       3.7515
    3965       3.3838
    3966       3.4557
    3967       3.4783
    3968       3.1673
    3969       3.3128
    3970       3.2767
    3971       3.2052
    3972       3.2737
    3973       3.4708
    3974       3.8492
    3975       3.6038
    3976       3.6867
    3977       3.9487
    3978       3.2935
    3979       3.6333
    3980       3.3779
    3981       3.5262
    3982       3.6162
    3983       3.6708
    3984       3.7140
    3985       3.4858
    3986       3.3312
    3987       3.5876
    3988       3.5418
    3989       3.7490
    3990       3.6754
    3991       3.5965
    3992       3.7843
    3993       3.7826
    3994       3.7885
    3995       3.8026
    3996       3.9113
    3997       3.9267
    3998       3.8322
    3999       3.6679
    4000       3.5553
