#Frame         perres
       1       0.0000
       2       1.2672
       3       1.4554
       4       1.5736
       5       1.5695
       6       1.5484
       7       1.6525
       8       1.6563
       9       1.6128
      10       1.5435
      11       1.6920
      12       1.6174
      13       1.7200
      14       1.8916
      15       1.8533
      16       1.6865
      17       1.8769
      18       1.9168
      19       1.9505
      20       2.2336
      21       2.3574
      22       2.3784
      23       2.1303
      24       2.5044
      25       2.1938
      26       2.2282
      27       2.3658
      28       2.3698
      29       1.8884
      30       1.9473
      31       1.9365
      32       1.9647
      33       2.2082
      34       2.1370
      35       2.1799
      36       2.0863
      37       2.1533
      38       2.2492
      39       2.1222
      40       2.0250
      41       2.4169
      42       2.5780
      43       2.2208
      44       2.2017
      45       1.9677
      46       1.9710
      47       1.9274
      48       1.9038
      49       1.9390
      50       1.9647
      51       2.0244
      52       1.9948
      53       2.0977
      54       2.0203
      55       2.2561
      56       2.0438
      57       2.2240
      58       2.4567
      59       2.5588
      60       2.4535
      61       2.8822
      62       2.5126
      63       2.7973
      64       2.5355
      65       2.3601
      66       2.1738
      67       2.3079
      68       2.2727
      69       2.1703
      70       2.0983
      71       1.9187
      72       1.8475
      73       1.8894
      74       2.0655
      75       1.9513
      76       2.0997
      77       1.9069
      78       2.1023
      79       2.1041
      80       2.1302
      81       2.0175
      82       2.0707
      83       2.1731
      84       2.2209
      85       2.2070
      86       2.1096
      87       2.1726
      88       2.2079
      89       2.1344
      90       2.0906
      91       2.0469
      92       1.9741
      93       1.9017
      94       1.9295
      95       2.1078
      96       2.1945
      97       2.2775
      98       2.1318
      99       2.0484
     100       2.0032
     101       2.0720
     102       1.9978
     103       2.0172
     104       2.0415
     105       1.9887
     106       2.0409
     107       2.3618
     108       2.1348
     109       2.4068
     110       2.3766
     111       2.3708
     112       2.3417
     113       2.6370
     114       2.4073
     115       2.2342
     116       2.1134
     117       2.1639
     118       2.2634
     119       2.2085
     120       2.2632
     121       2.2160
     122       2.1218
     123       2.0929
     124       2.1564
     125       2.3119
     126       2.4536
     127       2.5534
     128       2.5784
     129       2.2216
     130       2.3450
     131       2.2535
     132       2.1306
     133       2.1276
     134       2.2115
     135       2.2508
     136       2.3454
     137       2.1441
     138       2.3046
     139       2.2765
     140       2.3453
     141       2.2745
     142       2.1621
     143       2.3660
     144       2.4496
     145       2.2839
     146       2.3055
     147       2.2927
     148       2.3034
     149       2.3138
     150       2.0986
     151       2.0978
     152       2.1587
     153       2.1447
     154       2.1568
     155       2.1087
     156       2.2891
     157       2.2937
     158       2.0976
     159       2.1879
     160       2.3089
     161       2.2404
     162       2.2393
     163       2.4152
     164       2.2328
     165       2.3334
     166       2.1584
     167       2.1916
     168       2.1746
     169       2.1779
     170       2.2117
     171       2.1561
     172       2.3368
     173       2.2302
     174       2.2345
     175       2.1779
     176       2.2529
     177       2.4739
     178       2.5346
     179       2.5648
     180       2.2756
     181       2.1934
     182       2.3658
     183       2.2215
     184       2.3436
     185       2.3686
     186       2.3432
     187       2.2489
     188       2.4271
     189       2.2780
     190       2.4189
     191       2.2064
     192       2.3695
     193       2.5066
     194       2.3522
     195       2.4383
     196       2.4935
     197       2.5214
     198       2.2977
     199       2.2201
     200       2.1996
     201       2.2918
     202       2.2147
     203       2.5026
     204       2.4931
     205       2.5395
     206       2.5147
     207       2.5176
     208       2.5844
     209       2.6719
     210       2.7864
     211       2.6066
     212       2.6035
     213       2.5108
     214       2.6112
     215       2.8001
     216       2.9334
     217       2.6086
     218       2.5778
     219       2.6298
     220       2.5660
     221       2.7863
     222       2.4522
     223       2.5990
     224       2.5785
     225       2.6381
     226       2.5121
     227       2.6532
     228       2.6265
     229       2.6298
     230       2.6821
     231       2.7011
     232       2.5356
     233       2.6546
     234       2.6870
     235       2.6306
     236       2.4786
     237       2.5511
     238       2.5249
     239       2.5082
     240       2.7065
     241       2.6866
     242       2.6139
     243       2.8822
     244       2.7539
     245       2.7665
     246       2.8073
     247       2.9107
     248       2.7587
     249       2.7378
     250       3.0919
     251       3.2207
     252       3.0856
     253       3.1571
     254       3.1112
     255       3.1938
     256       3.1506
     257       2.9984
     258       2.9152
     259       3.1449
     260       3.1072
     261       3.1448
     262       3.1118
     263       3.1061
     264       2.9314
     265       2.8485
     266       2.7765
     267       2.5682
     268       2.6917
     269       3.0043
     270       2.8671
     271       2.7623
     272       2.7575
     273       2.8027
     274       3.0224
     275       3.0833
     276       2.8160
     277       2.7589
     278       3.3004
     279       3.0133
     280       2.8970
     281       2.9793
     282       2.7775
     283       2.7565
     284       2.7416
     285       2.6681
     286       2.5674
     287       2.5230
     288       2.6554
     289       2.7496
     290       2.7686
     291       2.6548
     292       2.7405
     293       2.8490
     294       2.8008
     295       2.7868
     296       2.8665
     297       2.6043
     298       2.6434
     299       2.7447
     300       2.6581
     301       2.7182
     302       2.8126
     303       2.9489
     304       2.7716
     305       2.8846
     306       2.9341
     307       3.1376
     308       3.0909
     309       2.8917
     310       3.2446
     311       3.2493
     312       3.2199
     313       3.1497
     314       3.2473
     315       3.0580
     316       3.0163
     317       2.8858
     318       3.1984
     319       3.2004
     320       2.9657
     321       2.9886
     322       3.1764
     323       3.0122
     324       3.1228
     325       2.8536
     326       2.9989
     327       2.7805
     328       3.1036
     329       3.1402
     330       3.0613
     331       3.0127
     332       2.9450
     333       2.9685
     334       3.0764
     335       3.1503
     336       3.3247
     337       3.0056
     338       3.2297
     339       3.0794
     340       2.9542
     341       2.9597
     342       3.0070
     343       3.1406
     344       2.9457
     345       3.1211
     346       3.0835
     347       3.0579
     348       3.1658
     349       3.2105
     350       2.8987
     351       3.0276
     352       3.0947
     353       3.2924
     354       3.0730
     355       3.1595
     356       3.1302
     357       3.1074
     358       3.1272
     359       3.2205
     360       3.4704
     361       3.2884
     362       3.0287
     363       2.8781
     364       3.1176
     365       3.0323
     366       3.0064
     367       2.9779
     368       3.2067
     369       3.3893
     370       2.9701
     371       2.8260
     372       2.7430
     373       2.6312
     374       2.6274
     375       2.8374
     376       2.7719
     377       2.6402
     378       2.8385
     379       2.8947
     380       2.9485
     381       2.8127
     382       2.8994
     383       2.9988
     384       2.9994
     385       3.1139
     386       2.9515
     387       3.1667
     388       2.8964
     389       3.0839
     390       3.1907
     391       3.0214
     392       2.9689
     393       2.9368
     394       3.0165
     395       3.1126
     396       2.9046
     397       2.8496
     398       2.8589
     399       2.9198
     400       3.2093
     401       2.9568
     402       2.8363
     403       2.8004
     404       2.6685
     405       2.7773
     406       3.0781
     407       2.8896
     408       2.9513
     409       3.0016
     410       2.8001
     411       2.9612
     412       2.7627
     413       2.9936
     414       3.0480
     415       2.9919
     416       3.2125
     417       3.0448
     418       2.9565
     419       2.7560
     420       3.0439
     421       2.9334
     422       2.8463
     423       3.2412
     424       2.9963
     425       3.0033
     426       2.8610
     427       3.0594
     428       3.0744
     429       3.2914
     430       3.4428
     431       3.2956
     432       3.5582
     433       3.2316
     434       2.8857
     435       2.9867
     436       2.9353
     437       2.9364
     438       3.4169
     439       3.1321
     440       3.2486
     441       3.3090
     442       3.5646
     443       3.6392
     444       3.5239
     445       3.3708
     446       3.6410
     447       3.1492
     448       3.3206
     449       3.0407
     450       3.1625
     451       3.2140
     452       3.2515
     453       3.3800
     454       3.2972
     455       3.4389
     456       3.3165
     457       3.2141
     458       3.3223
     459       3.1242
     460       3.4553
     461       3.1776
     462       3.2541
     463       3.2619
     464       3.2603
     465       3.2530
     466       3.2775
     467       3.1370
     468       3.0611
     469       3.1888
     470       3.2507
     471       3.1839
     472       3.0991
     473       2.9902
     474       2.9494
     475       3.3846
     476       3.4155
     477       3.1616
     478       3.1815
     479       3.0566
     480       3.0182
     481       3.2884
     482       3.4077
     483       3.2766
     484       3.5962
     485       3.2816
     486       3.3768
     487       3.3765
     488       3.2275
     489       2.8346
     490       2.9579
     491       2.8673
     492       2.9001
     493       2.6806
     494       3.0853
     495       3.0966
     496       3.1200
     497       3.1499
     498       3.0850
     499       3.1714
     500       3.0879
     501       3.0170
     502       3.0651
     503       3.1467
     504       2.8302
     505       2.8535
     506       2.9867
     507       2.9553
     508       2.8757
     509       3.0100
     510       3.0728
     511       2.9364
     512       2.9647
     513       3.2129
     514       3.1273
     515       3.1472
     516       3.2429
     517       3.1275
     518       3.1168
     519       2.9502
     520       2.8296
     521       3.1230
     522       2.8580
     523       2.9116
     524       2.9877
     525       3.2714
     526       3.3539
     527       3.1789
     528       2.8494
     529       3.3184
     530       3.3726
     531       3.2886
     532       3.0695
     533       2.9163
     534       2.9078
     535       3.0982
     536       2.9431
     537       2.8882
     538       2.9009
     539       3.0573
     540       3.3347
     541       3.4126
     542       3.3217
     543       3.2964
     544       3.3032
     545       3.3027
     546       3.1734
     547       3.4268
     548       3.1744
     549       3.2547
     550       3.1215
     551       3.2873
     552       3.4079
     553       3.2012
     554       3.5895
     555       3.5992
     556       3.4838
     557       3.0942
     558       3.0375
     559       2.9921
     560       2.8769
     561       3.0749
     562       3.2715
     563       3.4014
     564       3.4008
     565       3.4072
     566       3.3797
     567       3.4283
     568       3.6159
     569       3.3287
     570       3.5148
     571       3.3403
     572       3.2222
     573       3.1148
     574       3.2558
     575       3.0782
     576       2.9382
     577       3.1973
     578       3.3309
     579       2.9263
     580       2.8983
     581       3.0510
     582       3.2604
     583       3.3211
     584       3.4580
     585       3.8465
     586       3.4322
     587       3.3573
     588       3.2401
     589       3.3068
     590       3.0029
     591       2.8723
     592       2.8190
     593       2.9578
     594       2.9674
     595       3.1256
     596       3.2537
     597       2.9904
     598       2.8572
     599       2.7049
     600       3.0189
     601       3.0656
     602       3.1004
     603       2.9416
     604       3.1863
     605       3.2899
     606       3.0978
     607       3.1569
     608       3.2282
     609       3.7772
     610       3.3108
     611       3.2041
     612       3.2297
     613       3.2132
     614       3.0396
     615       3.1451
     616       3.3590
     617       3.4809
     618       3.0458
     619       3.0861
     620       3.2393
     621       3.3253
     622       3.5945
     623       3.2578
     624       3.0757
     625       3.2499
     626       3.4127
     627       3.2704
     628       3.0088
     629       3.0095
     630       3.2422
     631       3.1404
     632       3.1405
     633       3.3218
     634       3.2724
     635       3.2517
     636       3.3822
     637       3.4703
     638       3.5255
     639       3.3935
     640       3.1726
     641       3.1383
     642       3.0852
     643       3.2226
     644       3.0627
     645       2.9443
     646       2.9456
     647       2.9349
     648       3.3469
     649       3.2758
     650       3.0807
     651       3.1644
     652       3.0068
     653       3.2055
     654       2.9512
     655       2.7921
     656       2.9957
     657       2.8888
     658       2.9551
     659       2.9666
     660       3.0198
     661       2.8406
     662       3.0753
     663       2.9682
     664       2.9895
     665       3.2380
     666       3.2047
     667       3.0116
     668       2.9974
     669       3.0142
     670       2.9238
     671       2.9480
     672       2.8955
     673       2.9205
     674       3.0568
     675       3.3248
     676       2.9950
     677       2.9458
     678       3.0210
     679       3.1768
     680       2.9727
     681       3.0194
     682       3.0065
     683       3.0044
     684       3.2684
     685       3.1933
     686       3.2146
     687       3.0032
     688       2.9809
     689       2.8626
     690       3.1960
     691       3.1806
     692       2.9833
     693       3.2085
     694       3.1681
     695       3.1906
     696       3.6913
     697       3.2555
     698       2.9899
     699       3.1917
     700       3.0733
     701       3.3908
     702       3.3364
     703       2.9568
     704       3.1050
     705       3.2666
     706       3.2478
     707       3.4138
     708       3.1932
     709       2.8557
     710       3.2273
     711       2.9989
     712       2.9367
     713       2.8885
     714       3.1983
     715       3.1538
     716       3.1761
     717       3.0751
     718       2.9335
     719       3.1371
     720       3.3089
     721       3.3776
     722       3.2819
     723       3.5727
     724       3.5355
     725       3.3315
     726       3.2901
     727       3.3789
     728       3.2416
     729       3.2301
     730       3.2999
     731       3.5070
     732       3.2806
     733       3.2824
     734       3.0243
     735       2.8798
     736       2.9445
     737       3.3335
     738       3.3447
     739       3.3526
     740       3.2954
     741       3.2819
     742       3.1635
     743       2.8627
     744       2.9347
     745       2.9796
     746       3.2154
     747       3.1298
     748       3.2602
     749       3.3723
     750       3.2035
     751       3.4098
     752       3.3826
     753       3.0403
     754       3.3595
     755       3.1172
     756       2.9895
     757       2.7777
     758       2.6083
     759       2.8042
     760       2.8242
     761       2.9301
     762       3.1887
     763       2.8947
     764       3.0189
     765       3.1117
     766       2.9097
     767       3.0228
     768       3.1902
     769       2.9282
     770       2.9367
     771       2.9404
     772       2.9139
     773       3.1091
     774       2.9412
     775       2.9718
     776       3.2304
     777       3.2978
     778       3.0586
     779       2.9977
     780       2.9733
     781       3.0955
     782       2.9889
     783       2.7619
     784       2.9891
     785       3.0253
     786       3.2570
     787       3.2813
     788       3.3633
     789       3.3882
     790       3.1278
     791       3.2733
     792       3.0951
     793       3.1003
     794       2.9474
     795       3.1438
     796       3.2088
     797       3.3320
     798       3.1117
     799       3.1493
     800       3.3855
     801       3.1509
     802       3.3192
     803       3.2149
     804       3.0256
     805       2.9834
     806       3.2000
     807       3.1974
     808       3.0789
     809       3.3813
     810       3.5068
     811       2.9538
     812       3.3169
     813       3.3660
     814       3.3050
     815       3.2525
     816       3.5206
     817       3.3444
     818       3.4935
     819       3.2998
     820       3.2535
     821       3.4300
     822       3.2106
     823       3.3542
     824       3.5000
     825       3.4470
     826       3.1226
     827       3.4165
     828       3.3583
     829       3.4352
     830       3.2204
     831       3.4660
     832       3.1817
     833       3.3498
     834       3.0073
     835       2.9364
     836       2.8416
     837       3.1661
     838       3.3166
     839       3.1968
     840       3.1736
     841       3.4390
     842       3.3599
     843       3.3050
     844       2.9732
     845       3.1251
     846       3.2559
     847       3.3913
     848       3.1941
     849       3.1493
     850       3.2863
     851       3.1690
     852       3.3873
     853       3.2787
     854       3.5397
     855       3.1713
     856       3.1792
     857       3.4422
     858       3.4322
     859       3.2165
     860       3.1928
     861       3.1337
     862       3.2674
     863       3.1260
     864       3.0160
     865       3.1331
     866       3.2040
     867       3.1129
     868       2.9547
     869       2.8672
     870       3.1448
     871       3.1000
     872       2.9787
     873       2.8810
     874       2.7735
     875       2.9836
     876       2.9680
     877       3.0569
     878       3.1979
     879       3.2164
     880       3.0456
     881       3.2070
     882       3.0974
     883       3.1065
     884       3.1211
     885       3.4225
     886       3.0304
     887       3.1656
     888       3.2399
     889       3.2365
     890       3.3388
     891       3.3672
     892       3.2935
     893       3.3772
     894       3.0335
     895       3.2622
     896       3.2957
     897       3.0887
     898       3.2181
     899       3.0052
     900       3.2852
     901       3.1541
     902       2.9539
     903       2.8226
     904       2.9859
     905       2.9969
     906       3.3119
     907       2.9851
     908       3.0729
     909       3.0245
     910       3.1001
     911       3.0400
     912       2.9289
     913       3.0738
     914       3.1910
     915       3.0040
     916       3.1129
     917       3.1542
     918       3.0619
     919       3.0755
     920       3.0172
     921       3.1814
     922       3.0188
     923       2.9157
     924       3.2346
     925       3.5142
     926       3.6692
     927       3.4166
     928       3.3870
     929       3.5047
     930       3.6119
     931       3.3457
     932       3.5657
     933       3.7148
     934       3.3834
     935       3.4066
     936       3.4045
     937       3.4025
     938       3.5726
     939       3.7719
     940       3.6017
     941       3.7772
     942       3.3090
     943       3.5244
     944       3.3590
     945       3.3970
     946       3.1845
     947       2.8870
     948       3.2015
     949       3.1532
     950       3.2634
     951       3.3041
     952       3.0566
     953       3.1553
     954       3.3794
     955       3.5672
     956       3.6090
     957       3.4413
     958       3.4518
     959       3.3176
     960       2.9416
     961       3.2610
     962       3.5130
     963       3.0900
     964       3.2747
     965       3.8178
     966       3.5094
     967       3.5417
     968       3.4929
     969       3.4862
     970       3.0379
     971       3.2748
     972       3.3388
     973       3.4205
     974       3.2582
     975       3.3551
     976       3.0809
     977       3.2170
     978       3.2148
     979       3.6275
     980       3.7854
     981       3.3480
     982       3.2201
     983       3.4770
     984       3.4601
     985       3.4660
     986       3.4019
     987       3.4879
     988       3.6519
     989       3.4043
     990       3.5431
     991       3.3767
     992       2.9408
     993       3.3959
     994       3.7526
     995       3.5024
     996       3.5827
     997       3.4036
     998       3.5411
     999       3.3751
    1000       3.3816
    1001       3.1100
    1002       3.1908
    1003       3.2116
    1004       3.2343
    1005       3.4369
    1006       3.3820
    1007       3.3138
    1008       3.3795
    1009       2.9385
    1010       2.9967
    1011       3.0677
    1012       2.9914
    1013       3.0113
    1014       2.9425
    1015       2.9417
    1016       2.9044
    1017       3.0449
    1018       2.8652
    1019       2.9314
    1020       3.0750
    1021       3.5157
    1022       3.4045
    1023       3.6059
    1024       3.4781
    1025       3.1928
    1026       2.9852
    1027       3.1234
    1028       3.1660
    1029       3.1324
    1030       3.2472
    1031       3.0220
    1032       3.2505
    1033       3.0442
    1034       2.9365
    1035       2.9219
    1036       2.8304
    1037       3.1341
    1038       2.9070
    1039       2.9642
    1040       3.0233
    1041       3.0451
    1042       3.0147
    1043       2.8050
    1044       2.9376
    1045       2.7638
    1046       2.9361
    1047       2.9013
    1048       2.9274
    1049       2.9671
    1050       3.4315
    1051       3.5346
    1052       3.1761
    1053       3.2700
    1054       3.4279
    1055       3.1685
    1056       3.0664
    1057       2.9487
    1058       3.2115
    1059       3.2758
    1060       3.1734
    1061       3.2609
    1062       3.0379
    1063       2.9953
    1064       2.9143
    1065       2.9388
    1066       3.0375
    1067       3.0221
    1068       3.1152
    1069       3.0364
    1070       3.1717
    1071       3.2888
    1072       3.6479
    1073       3.5695
    1074       3.1537
    1075       3.3545
    1076       3.5075
    1077       3.1516
    1078       3.3843
    1079       3.4165
    1080       3.1996
    1081       3.3718
    1082       3.1629
    1083       2.9762
    1084       3.0169
    1085       2.9128
    1086       2.9045
    1087       2.9833
    1088       3.0591
    1089       3.1428
    1090       3.4645
    1091       3.2507
    1092       3.4554
    1093       3.1075
    1094       3.0499
    1095       3.4181
    1096       3.0352
    1097       3.1488
    1098       3.0429
    1099       2.9575
    1100       2.8045
    1101       2.8806
    1102       2.9823
    1103       2.9537
    1104       2.8686
    1105       2.8052
    1106       2.8684
    1107       3.0333
    1108       3.0352
    1109       3.1000
    1110       3.1891
    1111       2.9947
    1112       2.9346
    1113       2.9153
    1114       2.9209
    1115       3.0585
    1116       3.1083
    1117       3.1150
    1118       3.2457
    1119       3.0268
    1120       2.9122
    1121       2.9417
    1122       3.0416
    1123       2.8440
    1124       2.9639
    1125       2.9325
    1126       3.0575
    1127       2.9852
    1128       2.8909
    1129       3.2704
    1130       3.4422
    1131       3.5282
    1132       3.1970
    1133       3.3766
    1134       3.1303
    1135       3.0839
    1136       3.2260
    1137       3.5584
    1138       3.3784
    1139       3.0582
    1140       3.0453
    1141       2.9498
    1142       3.1500
    1143       3.3388
    1144       3.1488
    1145       3.0116
    1146       2.9643
    1147       3.0187
    1148       3.3625
    1149       3.2850
    1150       3.1337
    1151       3.0373
    1152       3.4060
    1153       3.1100
    1154       3.2452
    1155       3.2752
    1156       3.1229
    1157       3.1072
    1158       3.1996
    1159       3.1403
    1160       3.2097
    1161       3.1516
    1162       3.2785
    1163       3.2071
    1164       3.2562
    1165       3.4466
    1166       3.2600
    1167       3.1061
    1168       2.9185
    1169       3.1325
    1170       3.2242
    1171       2.9768
    1172       2.8339
    1173       2.7438
    1174       3.1209
    1175       2.8989
    1176       3.0218
    1177       3.0309
    1178       2.9734
    1179       3.0825
    1180       2.9360
    1181       3.1187
    1182       2.8298
    1183       2.8714
    1184       2.7565
    1185       2.9132
    1186       2.9284
    1187       2.9792
    1188       2.8512
    1189       2.9319
    1190       2.9601
    1191       3.3270
    1192       3.2472
    1193       3.0916
    1194       3.2464
    1195       3.0145
    1196       3.0435
    1197       3.0557
    1198       2.9348
    1199       3.0520
    1200       3.2521
    1201       3.1058
    1202       2.9889
    1203       3.0780
    1204       2.9745
    1205       2.8150
    1206       2.8747
    1207       3.0505
    1208       3.0636
    1209       2.8546
    1210       2.9798
    1211       2.9156
    1212       2.8607
    1213       3.0863
    1214       2.9016
    1215       2.8916
    1216       2.9807
    1217       3.1521
    1218       2.9608
    1219       3.0595
    1220       2.8994
    1221       2.7614
    1222       2.9929
    1223       3.2539
    1224       3.0888
    1225       3.0330
    1226       3.0460
    1227       3.1299
    1228       2.8461
    1229       2.8838
    1230       2.7321
    1231       2.8427
    1232       2.8533
    1233       2.9650
    1234       3.0395
    1235       2.9447
    1236       3.0450
    1237       3.0602
    1238       2.9088
    1239       2.9988
    1240       2.9661
    1241       2.9343
    1242       3.0799
    1243       3.2083
    1244       2.9188
    1245       2.9680
    1246       2.9590
    1247       3.0507
    1248       3.1418
    1249       3.1719
    1250       3.0544
    1251       3.1155
    1252       3.0630
    1253       3.1818
    1254       3.0910
    1255       2.8556
    1256       2.8163
    1257       3.1487
    1258       2.9402
    1259       3.0555
    1260       3.0430
    1261       2.8497
    1262       3.0138
    1263       2.7935
    1264       2.9465
    1265       2.9750
    1266       2.9915
    1267       3.0739
    1268       3.1788
    1269       3.2266
    1270       3.0073
    1271       3.2907
    1272       3.0160
    1273       3.1066
    1274       2.8637
    1275       2.8952
    1276       3.0737
    1277       2.9759
    1278       3.0027
    1279       2.9906
    1280       2.8752
    1281       3.0523
    1282       2.8362
    1283       3.1640
    1284       3.0429
    1285       2.9626
    1286       3.2856
    1287       3.1173
    1288       2.9582
    1289       2.9846
    1290       3.0281
    1291       3.0954
    1292       3.1645
    1293       3.2448
    1294       3.1013
    1295       3.0598
    1296       3.1685
    1297       3.2152
    1298       3.1979
    1299       3.2190
    1300       3.0438
    1301       2.9605
    1302       3.0739
    1303       2.9722
    1304       3.3415
    1305       3.4175
    1306       3.2751
    1307       3.2297
    1308       3.1686
    1309       3.2587
    1310       3.1802
    1311       3.1982
    1312       3.4627
    1313       3.0663
    1314       3.3490
    1315       3.3880
    1316       3.2044
    1317       3.0585
    1318       3.3412
    1319       3.1672
    1320       3.3960
    1321       3.0136
    1322       3.2310
    1323       3.4230
    1324       3.3027
    1325       3.3142
    1326       3.3256
    1327       3.2329
    1328       3.0835
    1329       3.2354
    1330       3.4467
    1331       3.2139
    1332       2.9979
    1333       3.2625
    1334       3.3691
    1335       3.1717
    1336       2.9081
    1337       3.1406
    1338       3.1892
    1339       3.3032
    1340       3.2033
    1341       3.2052
    1342       3.5046
    1343       3.7752
    1344       3.7281
    1345       3.4771
    1346       3.5923
    1347       3.4662
    1348       3.7726
    1349       3.4415
    1350       3.4349
    1351       3.6812
    1352       3.5029
    1353       3.5679
    1354       3.6864
    1355       3.8191
    1356       3.5861
    1357       3.6148
    1358       3.6594
    1359       3.5674
    1360       3.7685
    1361       4.0772
    1362       4.1420
    1363       3.5930
    1364       3.5562
    1365       3.2719
    1366       3.4196
    1367       3.6420
    1368       3.2875
    1369       3.4787
    1370       3.5478
    1371       3.6394
    1372       3.6519
    1373       3.2019
    1374       3.1920
    1375       3.1172
    1376       3.0973
    1377       2.9604
    1378       3.2556
    1379       3.2233
    1380       3.1285
    1381       3.3535
    1382       3.3697
    1383       3.5220
    1384       3.4726
    1385       3.5151
    1386       3.3004
    1387       3.3866
    1388       3.0862
    1389       3.2642
    1390       3.4156
    1391       3.4122
    1392       3.3932
    1393       3.2107
    1394       3.1290
    1395       3.1343
    1396       3.4838
    1397       3.4728
    1398       3.5083
    1399       3.2603
    1400       3.1709
    1401       3.4684
    1402       3.4960
    1403       3.3228
    1404       3.5558
    1405       3.1810
    1406       3.2651
    1407       3.3151
    1408       3.0389
    1409       2.9860
    1410       2.9911
    1411       3.0789
    1412       3.1390
    1413       3.2344
    1414       3.4095
    1415       3.5133
    1416       3.4453
    1417       3.3847
    1418       3.5719
    1419       3.4618
    1420       3.1798
    1421       3.5791
    1422       3.2187
    1423       3.1473
    1424       3.2651
    1425       3.3322
    1426       3.4032
    1427       3.4404
    1428       3.4892
    1429       3.0622
    1430       3.3570
    1431       3.5116
    1432       3.0728
    1433       3.0346
    1434       3.2235
    1435       2.8756
    1436       3.0072
    1437       3.4371
    1438       3.4823
    1439       3.2324
    1440       3.2386
    1441       3.4543
    1442       3.4401
    1443       3.5500
    1444       3.7936
    1445       3.6976
    1446       3.3151
    1447       3.1663
    1448       3.3155
    1449       3.1810
    1450       3.2647
    1451       3.2986
    1452       2.9917
    1453       2.9584
    1454       3.0470
    1455       3.3576
    1456       3.2738
    1457       3.2629
    1458       3.4514
    1459       3.3897
    1460       3.2459
    1461       3.5532
    1462       3.3290
    1463       3.5193
    1464       3.3924
    1465       3.3577
    1466       3.6367
    1467       3.6347
    1468       3.5501
    1469       3.4505
    1470       3.1451
    1471       3.6862
    1472       3.2503
    1473       3.2627
    1474       2.9981
    1475       3.2873
    1476       3.2527
    1477       3.5168
    1478       3.5417
    1479       3.3821
    1480       3.3217
    1481       3.2799
    1482       3.4818
    1483       3.3611
    1484       3.4238
    1485       3.4331
    1486       3.2316
    1487       3.4847
    1488       3.3042
    1489       3.4743
    1490       3.3619
    1491       3.1940
    1492       3.2074
    1493       3.3305
    1494       3.3157
    1495       3.2287
    1496       3.3731
    1497       3.4870
    1498       3.9044
    1499       3.4557
    1500       3.8829
    1501       3.7578
    1502       3.5566
    1503       3.5244
    1504       3.7606
    1505       3.4869
    1506       3.8465
    1507       4.0146
    1508       4.1663
    1509       4.0323
    1510       3.9811
    1511       4.0852
    1512       3.9035
    1513       4.0407
    1514       3.5811
    1515       3.6664
    1516       3.5095
    1517       3.8694
    1518       3.8782
    1519       3.8261
    1520       3.7925
    1521       3.6330
    1522       3.6340
    1523       3.5744
    1524       3.6437
    1525       3.8265
    1526       3.8882
    1527       3.6258
    1528       3.6619
    1529       3.5900
    1530       3.4546
    1531       3.3429
    1532       3.5696
    1533       3.2647
    1534       3.9648
    1535       3.7231
    1536       3.6246
    1537       3.3147
    1538       3.6901
    1539       3.5139
    1540       3.5720
    1541       3.5439
    1542       3.9021
    1543       3.7641
    1544       3.6612
    1545       3.8084
    1546       3.7342
    1547       4.0065
    1548       3.6643
    1549       3.7337
    1550       3.6795
    1551       3.4863
    1552       3.7956
    1553       3.7056
    1554       3.4343
    1555       3.7304
    1556       3.6978
    1557       3.8959
    1558       3.6757
    1559       3.7373
    1560       3.6124
    1561       3.7481
    1562       3.5444
    1563       3.6713
    1564       3.7443
    1565       3.6299
    1566       3.6017
    1567       3.5994
    1568       3.7886
    1569       3.5206
    1570       3.6891
    1571       3.5916
    1572       3.3524
    1573       3.3238
    1574       3.5555
    1575       3.5814
    1576       3.5749
    1577       3.3668
    1578       3.6570
    1579       3.8278
    1580       3.7606
    1581       3.6719
    1582       3.3564
    1583       3.3053
    1584       3.5277
    1585       3.5953
    1586       3.6891
    1587       3.5795
    1588       3.8194
    1589       3.9017
    1590       4.0049
    1591       3.8002
    1592       3.7526
    1593       3.5320
    1594       3.8523
    1595       3.6374
    1596       3.5980
    1597       3.2899
    1598       3.4999
    1599       3.4814
    1600       3.4676
    1601       3.5697
    1602       3.3850
    1603       3.7196
    1604       3.4159
    1605       3.7104
    1606       3.7594
    1607       3.9000
    1608       3.6590
    1609       3.9039
    1610       3.5096
    1611       3.7591
    1612       3.3599
    1613       3.6307
    1614       3.8992
    1615       3.5395
    1616       3.7847
    1617       3.9062
    1618       3.6728
    1619       3.4789
    1620       3.6697
    1621       3.4985
    1622       3.2633
    1623       3.2898
    1624       3.5426
    1625       3.9181
    1626       3.3309
    1627       3.6973
    1628       3.6503
    1629       3.4625
    1630       3.5111
    1631       3.7529
    1632       3.9869
    1633       3.6340
    1634       3.5008
    1635       3.8645
    1636       4.0806
    1637       4.0701
    1638       3.9651
    1639       3.9808
    1640       3.7989
    1641       3.6773
    1642       4.1372
    1643       3.9729
    1644       4.0740
    1645       3.6509
    1646       3.7210
    1647       3.3304
    1648       3.4271
    1649       3.7006
    1650       3.3785
    1651       3.2918
    1652       3.4044
    1653       3.5610
    1654       3.7085
    1655       3.7585
    1656       3.3947
    1657       3.7843
    1658       3.6100
    1659       3.8829
    1660       3.9428
    1661       4.0047
    1662       3.8016
    1663       3.8551
    1664       3.9004
    1665       3.6109
    1666       3.8584
    1667       3.5779
    1668       3.4445
    1669       3.4644
    1670       3.2613
    1671       3.2759
    1672       3.4059
    1673       3.3729
    1674       3.2035
    1675       3.5678
    1676       3.6755
    1677       3.5264
    1678       3.7074
    1679       3.5768
    1680       3.9525
    1681       4.1189
    1682       3.9425
    1683       3.8765
    1684       4.1224
    1685       4.0829
    1686       4.2156
    1687       3.9523
    1688       3.6055
    1689       3.6418
    1690       3.8663
    1691       4.0506
    1692       4.1673
    1693       3.5499
    1694       3.9173
    1695       3.5445
    1696       3.6551
    1697       3.8312
    1698       3.7164
    1699       3.5167
    1700       3.7483
    1701       3.9747
    1702       3.6510
    1703       3.9601
    1704       3.8740
    1705       3.8115
    1706       3.9990
    1707       4.0885
    1708       3.9970
    1709       3.9505
    1710       3.9512
    1711       3.5508
    1712       3.6803
    1713       3.6655
    1714       3.7351
    1715       3.6320
    1716       3.4992
    1717       3.4675
    1718       4.0090
    1719       3.9021
    1720       3.7441
    1721       3.7551
    1722       3.6132
    1723       3.4057
    1724       3.5009
    1725       3.5355
    1726       3.5602
    1727       3.4936
    1728       3.9813
    1729       3.3090
    1730       3.5726
    1731       3.5974
    1732       3.4691
    1733       3.5426
    1734       3.5250
    1735       3.3437
    1736       3.4364
    1737       3.6242
    1738       3.5866
    1739       3.4972
    1740       3.5295
    1741       3.7507
    1742       3.6849
    1743       3.6311
    1744       3.5307
    1745       3.3225
    1746       3.5639
    1747       3.7000
    1748       3.7479
    1749       3.4904
    1750       3.7767
    1751       3.5202
    1752       4.0072
    1753       3.9977
    1754       3.6175
    1755       3.6152
    1756       3.7147
    1757       3.9876
    1758       4.3097
    1759       4.1371
    1760       4.0177
    1761       4.1800
    1762       3.9557
    1763       3.7761
    1764       3.9080
    1765       3.8470
    1766       3.8202
    1767       3.9168
    1768       3.7909
    1769       3.9508
    1770       3.7878
    1771       3.4553
    1772       3.6099
    1773       3.7859
    1774       3.7903
    1775       3.9892
    1776       4.1292
    1777       3.9539
    1778       3.8013
    1779       3.8147
    1780       4.1774
    1781       3.9355
    1782       4.0085
    1783       3.9451
    1784       4.3672
    1785       4.0343
    1786       4.3563
    1787       3.9200
    1788       3.7814
    1789       4.0131
    1790       4.0148
    1791       3.9056
    1792       3.7561
    1793       3.7699
    1794       3.7319
    1795       3.8775
    1796       3.7309
    1797       3.6044
    1798       3.5393
    1799       3.3449
    1800       3.3874
    1801       3.5681
    1802       3.8167
    1803       3.5247
    1804       3.4116
    1805       3.9926
    1806       3.5967
    1807       3.6500
    1808       3.8060
    1809       3.8169
    1810       3.9894
    1811       4.1336
    1812       4.2582
    1813       3.9464
    1814       3.5129
    1815       3.5683
    1816       3.6219
    1817       3.7803
    1818       3.7385
    1819       3.9601
    1820       4.0042
    1821       3.9973
    1822       3.8831
    1823       3.8927
    1824       3.6961
    1825       3.5142
    1826       3.4033
    1827       3.3854
    1828       3.5138
    1829       3.3532
    1830       3.8683
    1831       3.7413
    1832       4.0321
    1833       3.5915
    1834       3.6778
    1835       3.6891
    1836       3.8659
    1837       3.6405
    1838       3.6443
    1839       3.2933
    1840       3.3992
    1841       3.3916
    1842       3.5560
    1843       3.9596
    1844       3.6603
    1845       3.6350
    1846       3.5215
    1847       3.4289
    1848       3.8422
    1849       3.5748
    1850       3.9303
    1851       3.6728
    1852       3.6745
    1853       3.4566
    1854       3.3967
    1855       3.6342
    1856       3.5868
    1857       3.5100
    1858       3.3910
    1859       3.4810
    1860       3.4109
    1861       3.2814
    1862       3.2003
    1863       3.3785
    1864       3.4276
    1865       3.5177
    1866       3.8657
    1867       3.8360
    1868       3.8400
    1869       3.3964
    1870       3.6169
    1871       3.6025
    1872       3.4523
    1873       3.3206
    1874       3.5190
    1875       3.5342
    1876       3.5961
    1877       3.6049
    1878       3.6134
    1879       3.4483
    1880       3.8791
    1881       3.5671
    1882       3.4812
    1883       3.5825
    1884       3.4818
    1885       3.6651
    1886       3.7048
    1887       3.5604
    1888       3.4747
    1889       3.6255
    1890       3.4645
    1891       3.4697
    1892       3.7438
    1893       3.7796
    1894       3.6807
    1895       3.5875
    1896       3.4983
    1897       3.6273
    1898       3.7336
    1899       3.3770
    1900       3.5247
    1901       3.6941
    1902       3.8692
    1903       3.7035
    1904       3.9232
    1905       3.7009
    1906       3.7569
    1907       3.5839
    1908       3.5590
    1909       3.7153
    1910       3.7502
    1911       3.7945
    1912       3.8516
    1913       4.0890
    1914       4.0417
    1915       3.9601
    1916       4.0842
    1917       3.9627
    1918       3.7401
    1919       4.0196
    1920       3.5315
    1921       3.5550
    1922       3.7397
    1923       3.5521
    1924       3.4876
    1925       3.5209
    1926       3.4504
    1927       3.6773
    1928       3.6689
    1929       3.7800
    1930       3.4512
    1931       3.3826
    1932       3.3708
    1933       3.5186
    1934       4.0101
    1935       3.3912
    1936       3.5043
    1937       3.5577
    1938       3.4825
    1939       3.5770
    1940       3.5899
    1941       3.4894
    1942       4.0324
    1943       4.1304
    1944       3.6264
    1945       3.4556
    1946       3.6682
    1947       3.3043
    1948       3.2955
    1949       3.3546
    1950       3.7652
    1951       3.8024
    1952       3.4422
    1953       3.5045
    1954       3.7193
    1955       3.4211
    1956       3.5917
    1957       3.2465
    1958       3.4642
    1959       3.5573
    1960       3.5759
    1961       3.8160
    1962       3.8183
    1963       3.8568
    1964       3.6479
    1965       3.6574
    1966       3.4961
    1967       3.4751
    1968       3.8311
    1969       3.7687
    1970       3.8232
    1971       3.6223
    1972       4.1540
    1973       4.0342
    1974       4.2018
    1975       4.2384
    1976       4.0600
    1977       4.3528
    1978       4.0819
    1979       3.9502
    1980       3.8943
    1981       3.8708
    1982       3.9804
    1983       4.1287
    1984       4.0661
    1985       3.9837
    1986       3.6616
    1987       3.8146
    1988       3.6187
    1989       3.4307
    1990       3.7745
    1991       3.8398
    1992       3.6816
    1993       3.7564
    1994       3.7976
    1995       3.7601
    1996       3.7701
    1997       4.0047
    1998       3.8741
    1999       3.7385
    2000       3.5238
    2001       3.2972
    2002       3.6635
    2003       3.8990
    2004       4.0961
    2005       3.4600
    2006       3.6512
    2007       3.8151
    2008       3.6938
    2009       3.8338
    2010       3.5338
    2011       3.8624
    2012       3.5045
    2013       3.6843
    2014       3.7150
    2015       3.7609
    2016       3.5295
    2017       3.6923
    2018       3.7705
    2019       3.7536
    2020       4.0204
    2021       3.9945
    2022       3.9914
    2023       3.9134
    2024       3.9097
    2025       4.1354
    2026       3.9339
    2027       3.6083
    2028       3.7935
    2029       3.7393
    2030       3.9994
    2031       3.6287
    2032       3.8476
    2033       3.4952
    2034       3.5994
    2035       3.4101
    2036       3.5856
    2037       3.8470
    2038       3.7903
    2039       3.6747
    2040       3.5051
    2041       3.9939
    2042       3.8460
    2043       3.6095
    2044       3.6923
    2045       3.6028
    2046       3.7658
    2047       3.8473
    2048       3.7596
    2049       3.6878
    2050       4.1580
    2051       3.9250
    2052       3.5854
    2053       3.8867
    2054       3.9292
    2055       3.6285
    2056       3.9527
    2057       3.9473
    2058       4.0901
    2059       4.0308
    2060       3.7205
    2061       3.6732
    2062       3.6909
    2063       3.7517
    2064       3.7424
    2065       4.0023
    2066       3.8273
    2067       3.9220
    2068       4.0693
    2069       3.4579
    2070       3.6675
    2071       3.8837
    2072       3.8419
    2073       4.0784
    2074       3.8261
    2075       3.7376
    2076       3.7985
    2077       3.9984
    2078       3.6504
    2079       3.8437
    2080       3.7581
    2081       3.8415
    2082       3.6399
    2083       3.6960
    2084       3.5731
    2085       3.4570
    2086       3.9167
    2087       4.1834
    2088       4.4049
    2089       4.5780
    2090       4.1986
    2091       3.8415
    2092       3.8345
    2093       4.2261
    2094       4.2515
    2095       4.0402
    2096       4.1152
    2097       4.2911
    2098       4.2337
    2099       3.6988
    2100       3.7854
    2101       3.9332
    2102       4.3818
    2103       4.1004
    2104       4.2949
    2105       3.7068
    2106       4.1631
    2107       3.7812
    2108       3.7762
    2109       3.7944
    2110       3.6235
    2111       3.6322
    2112       3.8843
    2113       3.7851
    2114       3.6082
    2115       3.4396
    2116       3.6638
    2117       4.0095
    2118       3.4819
    2119       3.4246
    2120       3.6509
    2121       3.8458
    2122       3.7394
    2123       3.8659
    2124       4.0196
    2125       3.8460
    2126       3.6619
    2127       3.7327
    2128       3.8083
    2129       3.9577
    2130       4.0791
    2131       4.2363
    2132       4.4658
    2133       4.6607
    2134       4.2169
    2135       4.0601
    2136       4.3174
    2137       4.2406
    2138       3.8954
    2139       4.5582
    2140       4.4795
    2141       4.3094
    2142       3.8972
    2143       3.6539
    2144       3.8181
    2145       3.8634
    2146       4.0213
    2147       4.1610
    2148       4.1201
    2149       4.0415
    2150       3.8258
    2151       4.0697
    2152       3.9257
    2153       4.0105
    2154       4.1442
    2155       3.8698
    2156       4.0079
    2157       4.2780
    2158       3.9440
    2159       3.8271
    2160       4.0274
    2161       4.1432
    2162       4.0370
    2163       4.2972
    2164       4.1313
    2165       4.0310
    2166       4.2336
    2167       4.0253
    2168       3.9264
    2169       4.0839
    2170       4.2257
    2171       3.9219
    2172       3.9662
    2173       3.9478
    2174       4.0523
    2175       3.8608
    2176       3.6112
    2177       3.6071
    2178       3.8100
    2179       3.7218
    2180       3.9467
    2181       3.6228
    2182       3.5186
    2183       3.9057
    2184       3.9966
    2185       3.3724
    2186       3.5923
    2187       3.8837
    2188       3.8680
    2189       3.7746
    2190       4.1748
    2191       3.9498
    2192       3.8783
    2193       3.8949
    2194       3.8367
    2195       4.0142
    2196       4.2014
    2197       3.8626
    2198       4.1578
    2199       4.5430
    2200       4.2990
    2201       4.0815
    2202       4.4829
    2203       4.4007
    2204       4.0368
    2205       4.2211
    2206       4.2528
    2207       4.0406
    2208       3.9771
    2209       4.0967
    2210       4.1975
    2211       3.9838
    2212       3.7733
    2213       4.0761
    2214       3.9704
    2215       4.1882
    2216       4.2748
    2217       4.1392
    2218       4.2180
    2219       4.4523
    2220       4.3345
    2221       3.9762
    2222       3.9318
    2223       3.9291
    2224       4.3254
    2225       4.3928
    2226       4.2611
    2227       4.4605
    2228       4.5090
    2229       4.6200
    2230       4.1664
    2231       4.4466
    2232       4.2157
    2233       4.0116
    2234       4.7368
    2235       4.2981
    2236       4.4289
    2237       4.3841
    2238       4.0833
    2239       4.1765
    2240       4.0529
    2241       4.3374
    2242       4.3628
    2243       4.2576
    2244       4.4542
    2245       4.3622
    2246       4.2537
    2247       4.2642
    2248       4.3007
    2249       4.2276
    2250       4.3245
    2251       4.5630
    2252       4.6098
    2253       4.3324
    2254       4.5123
    2255       4.5350
    2256       4.5290
    2257       4.3793
    2258       4.2789
    2259       4.5883
    2260       4.5274
    2261       4.3153
    2262       4.2493
    2263       3.9274
    2264       4.3387
    2265       4.1284
    2266       4.4079
    2267       4.2757
    2268       4.5374
    2269       4.8572
    2270       4.6171
    2271       4.0768
    2272       4.4919
    2273       3.9715
    2274       4.3896
    2275       4.5738
    2276       4.5540
    2277       4.5907
    2278       4.6121
    2279       4.8219
    2280       4.1866
    2281       4.5772
    2282       4.2659
    2283       3.9312
    2284       4.1197
    2285       4.0191
    2286       3.8899
    2287       4.0149
    2288       3.7172
    2289       3.9718
    2290       3.6716
    2291       4.3491
    2292       4.7919
    2293       4.2995
    2294       4.0794
    2295       3.9381
    2296       3.8401
    2297       3.9511
    2298       4.0757
    2299       4.0178
    2300       4.1363
    2301       4.1928
    2302       4.1607
    2303       3.9210
    2304       4.1843
    2305       4.2185
    2306       4.4448
    2307       4.2951
    2308       4.1835
    2309       4.1640
    2310       4.4421
    2311       4.5771
    2312       4.6483
    2313       4.4427
    2314       3.9044
    2315       4.0918
    2316       3.7047
    2317       3.7872
    2318       4.1127
    2319       3.8570
    2320       3.9051
    2321       3.9381
    2322       4.0109
    2323       3.9187
    2324       4.0069
    2325       4.0561
    2326       4.0147
    2327       4.3389
    2328       4.1931
    2329       4.0412
    2330       4.0467
    2331       4.2307
    2332       3.7422
    2333       3.6199
    2334       3.9176
    2335       3.7421
    2336       4.0482
    2337       3.9202
    2338       4.1019
    2339       4.4910
    2340       4.2476
    2341       3.9543
    2342       3.9122
    2343       4.2317
    2344       4.6872
    2345       4.7698
    2346       4.5812
    2347       4.6881
    2348       4.5327
    2349       4.4060
    2350       3.8626
    2351       4.0525
    2352       3.6256
    2353       3.8720
    2354       3.8226
    2355       3.9609
    2356       3.7978
    2357       3.8232
    2358       3.9218
    2359       3.6741
    2360       3.7523
    2361       3.9349
    2362       3.9977
    2363       4.0687
    2364       4.0353
    2365       4.2094
    2366       3.9101
    2367       3.7171
    2368       3.8273
    2369       4.1497
    2370       4.2035
    2371       4.0875
    2372       3.7871
    2373       3.8812
    2374       3.5892
    2375       3.5134
    2376       3.5255
    2377       3.8554
    2378       3.9094
    2379       3.8962
    2380       4.1729
    2381       4.3176
    2382       4.1098
    2383       3.9246
    2384       3.6933
    2385       3.8371
    2386       3.5018
    2387       3.7660
    2388       4.0351
    2389       4.2204
    2390       4.0104
    2391       3.8426
    2392       4.1282
    2393       4.1188
    2394       4.2333
    2395       4.4221
    2396       4.2419
    2397       4.2003
    2398       4.3071
    2399       3.9700
    2400       4.0191
    2401       4.0077
    2402       3.5983
    2403       3.8241
    2404       3.8789
    2405       3.7541
    2406       3.8043
    2407       3.7877
    2408       3.7579
    2409       3.6468
    2410       3.8792
    2411       4.1686
    2412       4.1029
    2413       3.7386
    2414       3.8511
    2415       3.8903
    2416       3.9553
    2417       3.6088
    2418       3.7024
    2419       4.2004
    2420       4.1025
    2421       4.3825
    2422       4.2728
    2423       3.8050
    2424       4.0307
    2425       3.8249
    2426       3.9850
    2427       4.3417
    2428       4.2160
    2429       4.0500
    2430       3.9920
    2431       3.8381
    2432       3.8361
    2433       3.8836
    2434       4.0789
    2435       4.0478
    2436       3.8733
    2437       3.9067
    2438       4.0588
    2439       3.9792
    2440       3.9752
    2441       4.0556
    2442       3.7650
    2443       3.6432
    2444       3.5838
    2445       3.8530
    2446       3.7992
    2447       4.0347
    2448       4.0078
    2449       3.6887
    2450       3.9490
    2451       3.9084
    2452       3.9041
    2453       3.7257
    2454       3.9380
    2455       4.0623
    2456       4.3498
    2457       4.4104
    2458       4.4008
    2459       3.9598
    2460       4.3445
    2461       4.4788
    2462       4.3275
    2463       4.3103
    2464       4.6119
    2465       4.4205
    2466       4.4266
    2467       4.6893
    2468       4.4960
    2469       4.3762
    2470       4.3901
    2471       4.2238
    2472       4.2445
    2473       4.1558
    2474       4.0127
    2475       4.5301
    2476       4.6157
    2477       4.4952
    2478       4.2077
    2479       4.2573
    2480       4.2422
    2481       4.1660
    2482       4.2637
    2483       4.4729
    2484       4.7077
    2485       4.7071
    2486       5.0059
    2487       4.7700
    2488       4.4148
    2489       4.2707
    2490       4.4574
    2491       4.3477
    2492       4.1283
    2493       3.9530
    2494       3.7444
    2495       3.8440
    2496       4.3908
    2497       4.3163
    2498       4.4143
    2499       4.1515
    2500       4.4120
    2501       4.2594
    2502       4.3829
    2503       4.1103
    2504       4.6296
    2505       4.2102
    2506       4.1218
    2507       4.2137
    2508       4.2842
    2509       4.4615
    2510       4.6567
    2511       4.6439
    2512       4.5368
    2513       4.2306
    2514       4.2594
    2515       4.7853
    2516       4.8449
    2517       4.5818
    2518       4.3694
    2519       4.3461
    2520       4.2888
    2521       4.6301
    2522       4.5222
    2523       4.2769
    2524       4.2206
    2525       4.3970
    2526       4.1738
    2527       4.1215
    2528       4.1898
    2529       3.8879
    2530       3.9361
    2531       3.7183
    2532       4.1408
    2533       4.2587
    2534       4.6313
    2535       4.3198
    2536       3.8826
    2537       4.2532
    2538       4.2455
    2539       4.1879
    2540       4.4045
    2541       4.0673
    2542       4.5121
    2543       4.4759
    2544       4.4815
    2545       4.7261
    2546       4.5346
    2547       4.7352
    2548       4.3875
    2549       4.6878
    2550       4.6880
    2551       4.4374
    2552       4.5355
    2553       4.7076
    2554       4.6785
    2555       4.9709
    2556       4.8980
    2557       4.3624
    2558       4.4961
    2559       4.1050
    2560       4.1378
    2561       4.3093
    2562       4.4212
    2563       4.2645
    2564       4.4647
    2565       4.6952
    2566       4.5658
    2567       4.3380
    2568       4.3246
    2569       4.3441
    2570       4.2194
    2571       4.4968
    2572       4.5663
    2573       4.3685
    2574       4.4664
    2575       4.9504
    2576       5.0558
    2577       4.7652
    2578       4.4556
    2579       4.5448
    2580       4.4582
    2581       4.5601
    2582       4.6250
    2583       4.3811
    2584       4.6995
    2585       4.5452
    2586       4.5278
    2587       4.5263
    2588       4.5901
    2589       4.8341
    2590       4.3690
    2591       4.6771
    2592       4.6979
    2593       4.5634
    2594       4.2590
    2595       4.6080
    2596       4.1456
    2597       4.4993
    2598       4.6062
    2599       4.4058
    2600       4.3916
    2601       4.6575
    2602       5.0529
    2603       4.6946
    2604       4.3050
    2605       4.3731
    2606       4.5934
    2607       4.2340
    2608       4.1871
    2609       4.4711
    2610       4.0773
    2611       4.0262
    2612       4.1870
    2613       4.1130
    2614       4.0541
    2615       4.4773
    2616       4.7323
    2617       4.2926
    2618       4.3891
    2619       4.4933
    2620       4.5004
    2621       4.3726
    2622       4.5406
    2623       4.7305
    2624       4.4227
    2625       4.8742
    2626       4.4604
    2627       4.8626
    2628       4.6105
    2629       4.6626
    2630       5.0694
    2631       4.7037
    2632       4.8619
    2633       4.8499
    2634       4.9090
    2635       4.6168
    2636       4.8927
    2637       5.1297
    2638       5.1065
    2639       5.2120
    2640       5.0079
    2641       4.9406
    2642       5.1918
    2643       4.9229
    2644       4.6725
    2645       4.8354
    2646       4.9786
    2647       4.8681
    2648       4.7980
    2649       4.3009
    2650       4.4158
    2651       4.9187
    2652       4.8496
    2653       4.7194
    2654       4.9397
    2655       4.8094
    2656       4.6806
    2657       4.7299
    2658       4.3049
    2659       4.7764
    2660       4.6648
    2661       4.4588
    2662       4.7680
    2663       4.7128
    2664       4.3518
    2665       4.6872
    2666       4.7385
    2667       4.4243
    2668       4.6958
    2669       4.8432
    2670       4.6635
    2671       4.8340
    2672       4.6293
    2673       4.7078
    2674       4.9762
    2675       4.6777
    2676       4.6140
    2677       4.2238
    2678       4.2116
    2679       4.3506
    2680       4.6400
    2681       4.8752
    2682       4.4119
    2683       4.5281
    2684       4.5278
    2685       4.4790
    2686       4.0702
    2687       4.2877
    2688       3.9409
    2689       3.9393
    2690       4.2658
    2691       3.9387
    2692       3.9670
    2693       3.9146
    2694       3.8718
    2695       3.9732
    2696       3.7816
    2697       3.9248
    2698       3.7629
    2699       4.0631
    2700       4.2116
    2701       4.4410
    2702       4.7078
    2703       4.5440
    2704       4.3109
    2705       4.3278
    2706       4.0432
    2707       4.0912
    2708       4.1022
    2709       4.1203
    2710       3.9666
    2711       3.9092
    2712       4.0145
    2713       3.7947
    2714       3.5637
    2715       3.9397
    2716       4.1637
    2717       4.0652
    2718       4.4382
    2719       4.0713
    2720       4.3539
    2721       4.7081
    2722       4.5850
    2723       4.4803
    2724       4.6404
    2725       4.3556
    2726       4.0009
    2727       4.3107
    2728       4.1073
    2729       3.9566
    2730       4.4277
    2731       4.3267
    2732       4.3900
    2733       4.3218
    2734       3.8986
    2735       4.2348
    2736       4.2502
    2737       4.2142
    2738       4.7975
    2739       4.4590
    2740       4.5346
    2741       4.3162
    2742       4.0861
    2743       4.1575
    2744       3.9800
    2745       4.3986
    2746       4.1462
    2747       4.1949
    2748       4.2171
    2749       4.2588
    2750       4.5426
    2751       4.5978
    2752       4.4412
    2753       4.3229
    2754       4.4890
    2755       4.4605
    2756       4.4341
    2757       4.1819
    2758       4.0031
    2759       4.0860
    2760       4.4072
    2761       4.4246
    2762       4.5844
    2763       4.1652
    2764       4.2704
    2765       4.4442
    2766       4.6173
    2767       4.3756
    2768       4.5422
    2769       4.4635
    2770       4.2693
    2771       4.3695
    2772       4.5685
    2773       4.3293
    2774       4.3258
    2775       4.3504
    2776       4.2676
    2777       4.2181
    2778       3.9909
    2779       4.1534
    2780       4.3040
    2781       4.2945
    2782       4.4291
    2783       4.8038
    2784       4.5975
    2785       4.3292
    2786       4.2578
    2787       4.5582
    2788       4.7492
    2789       4.2332
    2790       4.2727
    2791       4.5021
    2792       4.2165
    2793       4.0729
    2794       4.0446
    2795       3.9919
    2796       4.4352
    2797       4.1109
    2798       4.0263
    2799       3.9857
    2800       4.1341
    2801       4.1191
    2802       4.4240
    2803       4.4742
    2804       4.3466
    2805       4.1467
    2806       4.4089
    2807       4.4139
    2808       4.0120
    2809       4.1058
    2810       4.2202
    2811       4.1204
    2812       3.9397
    2813       3.6409
    2814       3.7799
    2815       3.6936
    2816       4.0245
    2817       4.2917
    2818       3.9259
    2819       3.8577
    2820       4.0205
    2821       3.8549
    2822       4.0124
    2823       3.9765
    2824       4.1313
    2825       4.1457
    2826       3.9548
    2827       4.2691
    2828       4.1825
    2829       4.3492
    2830       4.4441
    2831       4.2891
    2832       4.3159
    2833       4.3912
    2834       4.4374
    2835       4.6570
    2836       4.4158
    2837       4.3577
    2838       4.2009
    2839       4.7269
    2840       4.2170
    2841       4.6158
    2842       4.4917
    2843       4.2144
    2844       4.1480
    2845       4.3076
    2846       4.4359
    2847       4.3188
    2848       4.3135
    2849       4.4883
    2850       4.4955
    2851       4.5381
    2852       4.9547
    2853       4.2421
    2854       4.1694
    2855       4.3490
    2856       4.2288
    2857       3.9620
    2858       4.1548
    2859       4.2799
    2860       4.2182
    2861       4.1555
    2862       4.1799
    2863       4.4217
    2864       4.3993
    2865       4.2685
    2866       4.2847
    2867       4.4006
    2868       4.4157
    2869       4.4073
    2870       4.2979
    2871       4.2944
    2872       4.1423
    2873       3.9312
    2874       4.2529
    2875       4.1028
    2876       4.2497
    2877       4.0879
    2878       3.8501
    2879       3.9645
    2880       3.9206
    2881       4.1366
    2882       4.5168
    2883       4.0453
    2884       4.2628
    2885       4.1804
    2886       4.1955
    2887       4.2400
    2888       4.3997
    2889       4.4587
    2890       4.2350
    2891       4.0705
    2892       4.1234
    2893       4.2426
    2894       4.3660
    2895       4.3208
    2896       4.1467
    2897       4.4035
    2898       4.4647
    2899       4.1825
    2900       4.4431
    2901       4.2035
    2902       4.1416
    2903       4.0266
    2904       4.0917
    2905       3.8666
    2906       3.8748
    2907       3.8847
    2908       3.8304
    2909       3.6876
    2910       3.8357
    2911       4.2012
    2912       4.1581
    2913       4.0431
    2914       3.8080
    2915       3.7295
    2916       3.7296
    2917       3.7739
    2918       3.6390
    2919       4.0816
    2920       4.1440
    2921       4.4275
    2922       4.5424
    2923       4.3330
    2924       4.2210
    2925       4.2993
    2926       3.9907
    2927       4.0184
    2928       3.9721
    2929       4.2846
    2930       4.2001
    2931       4.3786
    2932       4.1188
    2933       4.0943
    2934       4.1479
    2935       4.2931
    2936       4.2335
    2937       4.1344
    2938       4.0115
    2939       4.4489
    2940       4.1899
    2941       4.3383
    2942       4.3835
    2943       4.5362
    2944       4.2439
    2945       4.3195
    2946       4.2985
    2947       4.4776
    2948       4.4714
    2949       4.3495
    2950       4.2154
    2951       4.0699
    2952       4.3687
    2953       4.2882
    2954       4.4617
    2955       4.0707
    2956       4.2233
    2957       4.1307
    2958       4.5915
    2959       4.2312
    2960       4.2557
    2961       4.2753
    2962       3.9670
    2963       4.2331
    2964       4.2510
    2965       4.3883
    2966       4.2587
    2967       3.9578
    2968       3.9870
    2969       4.2174
    2970       4.0067
    2971       4.0031
    2972       4.3232
    2973       4.2477
    2974       4.3883
    2975       4.3245
    2976       4.1035
    2977       4.4552
    2978       4.4558
    2979       4.2643
    2980       4.5232
    2981       4.2708
    2982       4.3317
    2983       4.3105
    2984       4.4643
    2985       4.0906
    2986       4.0190
    2987       4.4910
    2988       4.8565
    2989       4.5597
    2990       4.8556
    2991       4.7280
    2992       4.7152
    2993       4.5547
    2994       4.8081
    2995       4.7554
    2996       4.5374
    2997       4.6264
    2998       4.5292
    2999       4.5213
    3000       4.8016
    3001       4.7664
    3002       4.4842
    3003       4.3923
    3004       4.6004
    3005       4.3586
    3006       4.5684
    3007       4.5222
    3008       4.3460
    3009       4.0972
    3010       4.2230
    3011       4.2552
    3012       4.2243
    3013       4.0198
    3014       4.2016
    3015       4.0335
    3016       3.9310
    3017       4.1209
    3018       3.9204
    3019       3.8114
    3020       4.0877
    3021       3.7171
    3022       3.4707
    3023       3.6673
    3024       3.6849
    3025       3.8123
    3026       4.0388
    3027       4.0202
    3028       4.0636
    3029       4.1932
    3030       4.1203
    3031       4.2633
    3032       4.1302
    3033       3.9676
    3034       3.8340
    3035       3.7147
    3036       4.1446
    3037       4.3366
    3038       4.0947
    3039       4.3570
    3040       4.1150
    3041       4.2326
    3042       4.2452
    3043       4.3334
    3044       4.4848
    3045       4.6850
    3046       4.4699
    3047       4.5189
    3048       4.5100
    3049       4.2236
    3050       4.3385
    3051       4.1855
    3052       4.2927
    3053       4.1565
    3054       4.3454
    3055       4.0285
    3056       4.2666
    3057       4.4413
    3058       4.4274
    3059       4.4282
    3060       4.5578
    3061       4.5111
    3062       4.3086
    3063       4.4039
    3064       4.5645
    3065       4.7522
    3066       4.5000
    3067       4.1507
    3068       3.8620
    3069       4.0478
    3070       3.9081
    3071       4.2167
    3072       3.7414
    3073       3.8955
    3074       4.1703
    3075       4.2855
    3076       4.4310
    3077       4.5694
    3078       3.9301
    3079       3.7507
    3080       3.9127
    3081       4.0612
    3082       3.7240
    3083       3.9118
    3084       3.8110
    3085       3.9326
    3086       3.8991
    3087       3.8899
    3088       3.7646
    3089       3.9191
    3090       3.8326
    3091       3.8121
    3092       3.7746
    3093       4.0834
    3094       3.8489
    3095       3.8125
    3096       3.7939
    3097       3.6603
    3098       4.0186
    3099       4.0652
    3100       3.8061
    3101       3.9010
    3102       4.0088
    3103       3.8751
    3104       3.6483
    3105       4.0014
    3106       4.0957
    3107       4.0821
    3108       4.2065
    3109       4.3459
    3110       4.4576
    3111       3.9506
    3112       4.2785
    3113       4.0189
    3114       4.1326
    3115       4.1335
    3116       3.9328
    3117       4.0031
    3118       4.1525
    3119       4.0815
    3120       4.1378
    3121       3.9444
    3122       3.8826
    3123       3.9876
    3124       4.0209
    3125       3.8124
    3126       4.0653
    3127       4.0991
    3128       3.5959
    3129       3.8153
    3130       3.7321
    3131       3.7402
    3132       3.6177
    3133       3.5994
    3134       3.4429
    3135       3.5625
    3136       3.7200
    3137       3.4752
    3138       3.7317
    3139       3.9723
    3140       4.1569
    3141       3.8424
    3142       3.6938
    3143       3.6506
    3144       3.8512
    3145       3.7926
    3146       3.8930
    3147       4.0448
    3148       3.7228
    3149       3.7973
    3150       3.6291
    3151       3.5360
    3152       3.8826
    3153       3.6129
    3154       3.7301
    3155       3.7864
    3156       3.7293
    3157       3.7078
    3158       3.5770
    3159       3.6529
    3160       3.9894
    3161       3.7343
    3162       3.8711
    3163       3.9016
    3164       3.9201
    3165       3.7372
    3166       3.6941
    3167       3.7048
    3168       3.8068
    3169       3.8469
    3170       3.7131
    3171       3.8721
    3172       3.7695
    3173       3.9417
    3174       3.7192
    3175       3.6508
    3176       3.8524
    3177       3.9540
    3178       3.7191
    3179       3.7639
    3180       3.8776
    3181       4.2746
    3182       4.4027
    3183       3.8924
    3184       3.8007
    3185       4.2065
    3186       3.8825
    3187       4.1283
    3188       4.0962
    3189       3.9056
    3190       4.2761
    3191       4.1411
    3192       3.9812
    3193       4.2454
    3194       3.9551
    3195       3.8393
    3196       3.7218
    3197       4.0271
    3198       3.8023
    3199       3.6862
    3200       4.0320
    3201       3.6560
    3202       3.9728
    3203       4.0297
    3204       3.7817
    3205       3.9505
    3206       4.0079
    3207       4.3793
    3208       4.1054
    3209       3.9682
    3210       3.9243
    3211       3.7290
    3212       3.7422
    3213       3.9641
    3214       4.1261
    3215       3.9425
    3216       3.8158
    3217       3.8664
    3218       3.6807
    3219       3.8273
    3220       3.7412
    3221       3.7033
    3222       3.7308
    3223       3.7926
    3224       4.0107
    3225       3.8661
    3226       3.9926
    3227       3.7216
    3228       3.7184
    3229       3.8003
    3230       3.8998
    3231       4.0247
    3232       3.8230
    3233       3.8047
    3234       4.3468
    3235       4.4855
    3236       4.2028
    3237       4.3006
    3238       4.6311
    3239       4.4128
    3240       4.1258
    3241       4.4042
    3242       4.5185
    3243       4.3470
    3244       4.4609
    3245       4.7067
    3246       4.2839
    3247       4.1618
    3248       4.2087
    3249       4.0065
    3250       4.3096
    3251       4.5829
    3252       4.0827
    3253       4.3851
    3254       4.1237
    3255       4.3769
    3256       4.1916
    3257       4.2584
    3258       4.0699
    3259       4.4192
    3260       4.3939
    3261       4.4678
    3262       4.2455
    3263       4.0102
    3264       3.9616
    3265       4.1072
    3266       4.4553
    3267       4.0938
    3268       4.4276
    3269       4.1653
    3270       4.1481
    3271       4.3844
    3272       4.1777
    3273       4.1642
    3274       4.5466
    3275       4.5859
    3276       4.1109
    3277       4.1328
    3278       4.1510
    3279       4.0578
    3280       4.3259
    3281       4.2699
    3282       4.1871
    3283       4.4583
    3284       4.6363
    3285       4.4226
    3286       4.4345
    3287       4.4231
    3288       4.3268
    3289       4.1067
    3290       4.1238
    3291       4.2807
    3292       4.4372
    3293       4.2420
    3294       4.1365
    3295       4.2836
    3296       4.0838
    3297       4.2419
    3298       4.5423
    3299       4.0896
    3300       4.0388
    3301       4.2494
    3302       4.2882
    3303       4.2014
    3304       4.4490
    3305       4.0184
    3306       4.0446
    3307       4.2567
    3308       4.3605
    3309       4.0250
    3310       4.1868
    3311       4.1700
    3312       3.9865
    3313       3.9857
    3314       4.0259
    3315       4.1132
    3316       4.0544
    3317       3.9132
    3318       3.9359
    3319       4.0220
    3320       3.9224
    3321       3.8280
    3322       4.0060
    3323       4.0751
    3324       4.0280
    3325       3.7770
    3326       4.1465
    3327       3.7206
    3328       3.5764
    3329       3.8015
    3330       3.7868
    3331       3.9127
    3332       3.6608
    3333       3.8537
    3334       3.8527
    3335       3.6153
    3336       3.8348
    3337       4.0102
    3338       4.0021
    3339       3.9434
    3340       4.3260
    3341       4.2069
    3342       4.4062
    3343       4.6117
    3344       4.0934
    3345       4.3327
    3346       4.0475
    3347       4.0385
    3348       4.1718
    3349       4.1730
    3350       4.2958
    3351       4.3259
    3352       3.9369
    3353       3.9312
    3354       3.9749
    3355       4.0502
    3356       3.9659
    3357       3.9639
    3358       3.8402
    3359       3.6881
    3360       3.7355
    3361       3.8671
    3362       3.9629
    3363       4.2484
    3364       4.0621
    3365       4.2700
    3366       4.2206
    3367       4.0737
    3368       4.1702
    3369       3.9813
    3370       3.8710
    3371       4.2711
    3372       4.1299
    3373       3.9995
    3374       4.3084
    3375       4.0948
    3376       4.1565
    3377       4.2110
    3378       4.1376
    3379       4.3250
    3380       4.1147
    3381       4.0752
    3382       3.8786
    3383       4.0618
    3384       4.3177
    3385       4.0895
    3386       4.1956
    3387       4.1402
    3388       4.0518
    3389       3.9199
    3390       4.2289
    3391       4.0813
    3392       4.1333
    3393       4.2083
    3394       4.0042
    3395       4.4567
    3396       4.2425
    3397       4.3124
    3398       4.2685
    3399       4.1799
    3400       4.2993
    3401       4.3924
    3402       4.1204
    3403       4.3068
    3404       4.2737
    3405       4.4664
    3406       4.4676
    3407       4.4556
    3408       4.4033
    3409       4.2876
    3410       4.2397
    3411       4.2525
    3412       4.2590
    3413       4.1791
    3414       3.9614
    3415       3.9639
    3416       3.9211
    3417       3.9674
    3418       3.7905
    3419       4.0110
    3420       4.1276
    3421       4.3288
    3422       4.0670
    3423       4.1811
    3424       4.2329
    3425       4.2145
    3426       4.5888
    3427       4.7246
    3428       4.6153
    3429       4.4674
    3430       4.4094
    3431       4.8235
    3432       4.9363
    3433       4.8351
    3434       4.9066
    3435       4.6392
    3436       4.5608
    3437       4.7774
    3438       4.3547
    3439       4.3103
    3440       4.1498
    3441       4.2830
    3442       4.0792
    3443       4.1543
    3444       4.2591
    3445       4.1127
    3446       4.0719
    3447       4.3005
    3448       3.8519
    3449       4.0139
    3450       4.3056
    3451       3.8708
    3452       4.1796
    3453       4.0829
    3454       4.1541
    3455       4.2681
    3456       4.2958
    3457       3.7720
    3458       3.9927
    3459       4.1121
    3460       4.1410
    3461       4.1596
    3462       3.9767
    3463       3.9644
    3464       3.9617
    3465       4.2040
    3466       4.3487
    3467       4.4078
    3468       4.2811
    3469       4.4328
    3470       4.6993
    3471       4.6343
    3472       4.5801
    3473       4.5172
    3474       4.5244
    3475       4.4014
    3476       4.3392
    3477       4.2135
    3478       4.3657
    3479       4.1517
    3480       4.3016
    3481       4.0596
    3482       4.0683
    3483       4.2904
    3484       4.1412
    3485       4.0657
    3486       3.8270
    3487       3.6849
    3488       3.8301
    3489       3.8392
    3490       3.8985
    3491       4.2955
    3492       4.2873
    3493       4.1542
    3494       4.1678
    3495       4.0094
    3496       4.1666
    3497       4.0464
    3498       3.8984
    3499       3.9789
    3500       3.9756
    3501       4.1303
    3502       4.3304
    3503       4.0113
    3504       3.8932
    3505       4.1282
    3506       4.2116
    3507       4.0973
    3508       4.1965
    3509       4.1578
    3510       4.1119
    3511       4.0202
    3512       3.7544
    3513       3.7184
    3514       3.7643
    3515       3.7532
    3516       3.9340
    3517       3.8568
    3518       4.0234
    3519       4.3076
    3520       4.2661
    3521       4.2439
    3522       4.4270
    3523       4.2281
    3524       4.3422
    3525       4.4083
    3526       4.1134
    3527       4.0377
    3528       4.3141
    3529       4.2275
    3530       3.9807
    3531       4.2061
    3532       4.2028
    3533       4.1154
    3534       3.9290
    3535       4.0032
    3536       4.0923
    3537       4.0749
    3538       3.9571
    3539       3.9431
    3540       4.1066
    3541       3.9700
    3542       3.9434
    3543       4.0618
    3544       3.8951
    3545       3.6867
    3546       3.8991
    3547       3.9199
    3548       4.0560
    3549       4.0085
    3550       3.9871
    3551       4.0068
    3552       4.1117
    3553       4.1618
    3554       3.9325
    3555       3.9182
    3556       3.8519
    3557       3.9096
    3558       3.7690
    3559       3.8277
    3560       3.7760
    3561       3.9419
    3562       3.8476
    3563       3.9212
    3564       3.7015
    3565       3.8341
    3566       3.8233
    3567       3.5908
    3568       3.8572
    3569       3.8772
    3570       3.9511
    3571       4.0518
    3572       4.0060
    3573       3.9584
    3574       4.0619
    3575       4.2455
    3576       4.2320
    3577       3.9341
    3578       3.9044
    3579       3.9326
    3580       3.9558
    3581       3.8406
    3582       3.8656
    3583       3.9534
    3584       4.1331
    3585       4.2556
    3586       4.1356
    3587       4.0001
    3588       3.9501
    3589       4.0672
    3590       4.0680
    3591       4.3664
    3592       4.1870
    3593       4.1689
    3594       3.7336
    3595       3.8863
    3596       3.8576
    3597       3.9414
    3598       4.1918
    3599       4.2608
    3600       3.9630
    3601       4.1438
    3602       3.9090
    3603       4.0612
    3604       3.7100
    3605       4.0285
    3606       4.0484
    3607       4.0518
    3608       3.9942
    3609       3.9765
    3610       4.1020
    3611       4.1541
    3612       3.9801
    3613       4.1802
    3614       3.6097
    3615       3.7766
    3616       3.5867
    3617       3.6312
    3618       3.5888
    3619       3.7936
    3620       3.6958
    3621       3.7811
    3622       3.6019
    3623       3.8377
    3624       3.6786
    3625       3.8058
    3626       3.8351
    3627       4.0456
    3628       4.1813
    3629       4.1312
    3630       3.8927
    3631       3.8187
    3632       4.0603
    3633       4.1483
    3634       3.9543
    3635       4.2481
    3636       4.0801
    3637       4.2570
    3638       4.3721
    3639       4.4027
    3640       4.3994
    3641       4.4303
    3642       4.5868
    3643       4.3210
    3644       4.3401
    3645       4.3948
    3646       4.2523
    3647       4.1349
    3648       4.1378
    3649       4.0182
    3650       4.1214
    3651       4.4389
    3652       4.6734
    3653       4.3042
    3654       4.2275
    3655       4.2663
    3656       4.2163
    3657       4.2979
    3658       3.9753
    3659       4.0827
    3660       4.1554
    3661       4.2170
    3662       3.9816
    3663       3.8109
    3664       3.8557
    3665       4.0803
    3666       3.7875
    3667       3.9368
    3668       4.0647
    3669       3.8588
    3670       3.7175
    3671       3.7846
    3672       3.8899
    3673       4.1857
    3674       4.1530
    3675       3.8442
    3676       3.8218
    3677       4.0328
    3678       4.0642
    3679       3.9631
    3680       3.8248
    3681       3.9694
    3682       3.9195
    3683       4.1233
    3684       4.1108
    3685       4.1914
    3686       3.9190
    3687       3.8630
    3688       3.9814
    3689       3.9067
    3690       3.9805
    3691       4.1480
    3692       4.3520
    3693       4.0346
    3694       4.1892
    3695       4.1453
    3696       3.9767
    3697       4.0870
    3698       3.8761
    3699       4.0281
    3700       3.9220
    3701       4.0359
    3702       4.0557
    3703       4.1750
    3704       4.1250
    3705       4.2105
    3706       3.9522
    3707       4.2476
    3708       3.9811
    3709       4.2586
    3710       4.0246
    3711       4.1545
    3712       4.1588
    3713       3.9297
    3714       4.2921
    3715       4.0497
    3716       4.1381
    3717       4.1120
    3718       4.1624
    3719       4.0551
    3720       4.1219
    3721       4.0967
    3722       4.3166
    3723       4.0707
    3724       4.0342
    3725       4.1396
    3726       4.0988
    3727       4.4040
    3728       4.2858
    3729       3.9767
    3730       3.8083
    3731       3.6501
    3732       3.6356
    3733       3.7976
    3734       3.9170
    3735       3.7812
    3736       3.7703
    3737       3.9174
    3738       3.8076
    3739       3.6665
    3740       3.9781
    3741       4.0124
    3742       3.8851
    3743       3.7989
    3744       3.7817
    3745       3.9700
    3746       3.8652
    3747       3.7577
    3748       4.0280
    3749       3.9080
    3750       3.7496
    3751       3.8645
    3752       3.6140
    3753       3.7925
    3754       3.6386
    3755       3.5862
    3756       3.6948
    3757       3.8677
    3758       3.8226
    3759       3.7307
    3760       3.8655
    3761       3.8294
    3762       3.9445
    3763       4.0969
    3764       3.8391
    3765       3.8939
    3766       4.0594
    3767       4.3108
    3768       4.0991
    3769       4.3986
    3770       4.1926
    3771       4.1767
    3772       4.1183
    3773       4.1112
    3774       4.4678
    3775       4.1779
    3776       4.2060
    3777       3.9848
    3778       4.0367
    3779       4.1792
    3780       3.9159
    3781       3.9778
    3782       3.9759
    3783       4.2633
    3784       4.0984
    3785       4.0832
    3786       4.1655
    3787       4.2888
    3788       4.3415
    3789       4.4048
    3790       4.2684
    3791       4.4856
    3792       4.4107
    3793       4.1860
    3794       4.1316
    3795       4.3106
    3796       4.3851
    3797       4.0438
    3798       4.3424
    3799       4.2200
    3800       3.8412
    3801       3.9636
    3802       4.0109
    3803       3.9774
    3804       4.0463
    3805       3.7918
    3806       4.0349
    3807       4.1926
    3808       3.8767
    3809       3.9589
    3810       4.1100
    3811       4.0243
    3812       4.0967
    3813       4.6642
    3814       4.0327
    3815       4.1370
    3816       4.0910
    3817       4.1189
    3818       4.4677
    3819       4.3199
    3820       4.1649
    3821       4.1628
    3822       4.0930
    3823       4.0371
    3824       3.7390
    3825       3.9451
    3826       4.1429
    3827       4.1678
    3828       4.2919
    3829       4.1061
    3830       4.1952
    3831       4.2835
    3832       4.0869
    3833       4.6014
    3834       3.9543
    3835       4.1697
    3836       4.0434
    3837       4.2000
    3838       3.9300
    3839       3.8381
    3840       4.2079
    3841       3.9904
    3842       4.1739
    3843       3.8492
    3844       3.9363
    3845       4.1605
    3846       4.1536
    3847       4.0729
    3848       4.0057
    3849       4.0701
    3850       4.2013
    3851       4.0645
    3852       4.1757
    3853       4.0839
    3854       3.9568
    3855       4.1570
    3856       3.9974
    3857       4.0125
    3858       3.9022
    3859       3.6911
    3860       3.9001
    3861       4.1296
    3862       4.0524
    3863       4.0728
    3864       3.8872
    3865       3.8796
    3866       3.9801
    3867       3.9047
    3868       4.0886
    3869       4.2711
    3870       4.0379
    3871       4.1304
    3872       4.2757
    3873       4.0225
    3874       4.1974
    3875       4.1444
    3876       4.3175
    3877       4.4710
    3878       4.1334
    3879       4.2624
    3880       4.4094
    3881       4.3282
    3882       4.8206
    3883       4.4570
    3884       4.4559
    3885       4.2832
    3886       4.3224
    3887       4.1190
    3888       4.1887
    3889       4.0806
    3890       4.2530
    3891       4.0259
    3892       4.0160
    3893       3.9545
    3894       4.0203
    3895       3.8343
    3896       3.9953
    3897       4.0056
    3898       3.9725
    3899       4.2035
    3900       4.3562
    3901       4.1829
    3902       4.2839
    3903       4.1690
    3904       4.2736
    3905       4.1790
    3906       4.1683
    3907       3.9954
    3908       4.1762
    3909       4.3213
    3910       4.1538
    3911       4.2155
    3912       4.1235
    3913       4.1610
    3914       4.1368
    3915       3.9740
    3916       4.0063
    3917       4.3038
    3918       4.1596
    3919       3.9019
    3920       4.0090
    3921       3.9891
    3922       4.0041
    3923       4.1262
    3924       4.3492
    3925       4.0785
    3926       3.9931
    3927       4.0337
    3928       4.1582
    3929       4.4180
    3930       4.3471
    3931       4.2153
    3932       4.3677
    3933       4.1704
    3934       3.8970
    3935       4.0818
    3936       4.2124
    3937       4.0944
    3938       4.3533
    3939       4.1252
    3940       4.3690
    3941       4.5377
    3942       4.0271
    3943       4.1210
    3944       4.0033
    3945       4.2383
    3946       3.9728
    3947       3.9160
    3948       4.4863
    3949       4.0960
    3950       3.7593
    3951       4.0308
    3952       3.9443
    3953       3.8527
    3954       3.9075
    3955       3.9251
    3956       3.8052
    3957       3.9169
    3958       4.0759
    3959       3.9986
    3960       4.1947
    3961       4.0686
    3962       3.9639
    3963       4.1402
    3964       4.2390
    3965       3.9175
    3966       3.9682
    3967       4.0006
    3968       3.7086
    3969       3.8536
    3970       3.8070
    3971       3.7446
    3972       3.8248
    3973       3.9844
    3974       4.3168
    3975       4.0956
    3976       4.1615
    3977       4.4012
    3978       3.8254
    3979       4.1017
    3980       3.9069
    3981       4.0072
    3982       4.0982
    3983       4.1284
    3984       4.1843
    3985       3.9530
    3986       3.8698
    3987       4.0885
    3988       4.0191
    3989       4.2047
    3990       4.1469
    3991       4.0695
    3992       4.2520
    3993       4.2396
    3994       4.2512
    3995       4.2677
    3996       4.3512
    3997       4.3787
    3998       4.3083
    3999       4.1393
    4000       4.0496
