#Frame            all
       1       0.0000
       2       1.1063
       3       0.9473
       4       1.2107
       5       1.3058
       6       1.3817
       7       1.6885
       8       1.7106
       9       1.6588
      10       1.4222
      11       1.0566
      12       1.2331
      13       1.2114
      14       1.5323
      15       1.3029
      16       1.2061
      17       1.4285
      18       1.2116
      19       1.2755
      20       1.1885
      21       1.1736
      22       1.2084
      23       1.0651
      24       1.2673
      25       1.1591
      26       1.2039
      27       1.2238
      28       1.1201
      29       1.1712
      30       1.2202
      31       1.5243
      32       1.6371
      33       1.5020
      34       1.7616
      35       1.5543
      36       1.8130
      37       1.8497
      38       1.8994
      39       1.5465
      40       2.0954
      41       1.6777
      42       1.6164
      43       1.4982
      44       1.7350
      45       1.8531
      46       1.6574
      47       1.7207
      48       1.6272
      49       1.7093
      50       1.7375
      51       1.9753
      52       2.0042
      53       2.0554
      54       2.0027
      55       1.9239
      56       1.4632
      57       1.3935
      58       1.6898
      59       1.5984
      60       1.4633
      61       1.6945
      62       1.6067
      63       1.5381
      64       1.7667
      65       1.6368
      66       1.5595
      67       1.2676
      68       1.5857
      69       1.4287
      70       1.4367
      71       1.4160
      72       1.3949
      73       1.5345
      74       1.3088
      75       1.4890
      76       1.3422
      77       1.3483
      78       1.5209
      79       1.3475
      80       1.1975
      81       1.4584
      82       1.3913
      83       1.4978
      84       1.2607
      85       1.5576
      86       1.5230
      87       1.6428
      88       1.4693
      89       1.5550
      90       1.4996
      91       1.6916
      92       1.4624
      93       1.7920
      94       1.6607
      95       1.4875
      96       1.6798
      97       1.5335
      98       1.6517
      99       1.5785
     100       1.6329
     101       1.5887
     102       1.4302
     103       1.4605
     104       1.4798
     105       1.3254
     106       1.2715
     107       1.4302
     108       1.3509
     109       1.4347
     110       1.4407
     111       1.4862
     112       1.5688
     113       1.3665
     114       1.4366
     115       1.6350
     116       1.3775
     117       1.3498
     118       1.5281
     119       1.4015
     120       1.5649
     121       1.5629
     122       1.4887
     123       1.8617
     124       1.5274
     125       1.4242
     126       1.4697
     127       1.3605
     128       1.4015
     129       1.6522
     130       1.5385
     131       1.2579
     132       1.4034
     133       1.5171
     134       1.3987
     135       1.2749
     136       1.2596
     137       1.2837
     138       1.2838
     139       1.3589
     140       1.2782
     141       1.3302
     142       1.4170
     143       1.3613
     144       1.2487
     145       1.3172
     146       1.2096
     147       1.3590
     148       1.3027
     149       1.3719
     150       1.3474
     151       1.2992
     152       1.3573
     153       1.4105
     154       1.3353
     155       1.4648
     156       1.4149
     157       1.3839
     158       1.4936
     159       1.2362
     160       1.3988
     161       1.3477
     162       1.3740
     163       1.3476
     164       1.3260
     165       1.4574
     166       1.4264
     167       1.3457
     168       1.3522
     169       1.3706
     170       1.3507
     171       1.7410
     172       1.4081
     173       1.5095
     174       1.4515
     175       1.2405
     176       1.1239
     177       1.4671
     178       1.3143
     179       1.0922
     180       1.2357
     181       1.2466
     182       1.4522
     183       1.4290
     184       1.4512
     185       1.3245
     186       1.2443
     187       1.3366
     188       1.4861
     189       1.2136
     190       1.4329
     191       1.5880
     192       1.2496
     193       1.7652
     194       1.3339
     195       1.7977
     196       1.5133
     197       1.4680
     198       1.4477
     199       1.4255
     200       1.4998
     201       1.3104
     202       1.5520
     203       1.4337
     204       1.5174
     205       1.6988
     206       1.8282
     207       1.7705
     208       1.3546
     209       1.5187
     210       1.7184
     211       2.0050
     212       1.9949
     213       2.0643
     214       1.9381
     215       1.7638
     216       1.9285
     217       1.6232
     218       1.5786
     219       1.6564
     220       1.6608
     221       1.4603
     222       1.5194
     223       1.6773
     224       1.9709
     225       2.1286
     226       2.1095
     227       1.8476
     228       1.8550
     229       1.9871
     230       1.6044
     231       1.7311
     232       1.4960
     233       1.8713
     234       1.7517
     235       1.8410
     236       1.3808
     237       1.3822
     238       1.3675
     239       1.6090
     240       1.4396
     241       1.7123
     242       1.9007
     243       1.8530
     244       1.6063
     245       1.6388
     246       1.7750
     247       1.6864
     248       1.4721
     249       1.7072
     250       1.6037
     251       1.5414
     252       1.6627
     253       1.7009
     254       1.7413
     255       1.8397
     256       1.7953
     257       2.0407
     258       2.1237
     259       1.7057
     260       1.5227
     261       1.5286
     262       1.4670
     263       1.5668
     264       1.6781
     265       1.5906
     266       1.6078
     267       1.4919
     268       1.5329
     269       1.4660
     270       1.6141
     271       1.4382
     272       1.4205
     273       1.7196
     274       1.7423
     275       1.6587
     276       1.5913
     277       1.6145
     278       1.7728
     279       1.5308
     280       1.6495
     281       1.5121
     282       1.3704
     283       1.7499
     284       1.7056
     285       1.5980
     286       1.6462
     287       1.7473
     288       1.5849
     289       1.6175
     290       1.7332
     291       1.5666
     292       1.8394
     293       1.8984
     294       1.8915
     295       1.9832
     296       1.9712
     297       2.1517
     298       2.3436
     299       2.2119
     300       1.9041
     301       2.5298
     302       1.9754
     303       1.8509
     304       1.6707
     305       2.0800
     306       1.8289
     307       1.7156
     308       1.9641
     309       1.9169
     310       1.5758
     311       1.7723
     312       2.1598
     313       2.1847
     314       2.1040
     315       1.8597
     316       2.1500
     317       1.7201
     318       2.5385
     319       2.1260
     320       1.8067
     321       1.7622
     322       1.8450
     323       1.7007
     324       1.6465
     325       1.9299
     326       1.8365
     327       2.2160
     328       2.1021
     329       1.8812
     330       1.6007
     331       1.6430
     332       1.8571
     333       1.8015
     334       1.8695
     335       1.8182
     336       1.6717
     337       1.8127
     338       2.0476
     339       2.3452
     340       2.3078
     341       2.2507
     342       2.5312
     343       2.4793
     344       2.2866
     345       2.0989
     346       2.0999
     347       1.7517
     348       1.9849
     349       1.9047
     350       2.1086
     351       1.8840
     352       1.7173
     353       1.9201
     354       1.9919
     355       1.8498
     356       1.8389
     357       1.8861
     358       1.5050
     359       1.6598
     360       1.6925
     361       1.7596
     362       1.7399
     363       1.8784
     364       1.5476
     365       1.6216
     366       1.7511
     367       1.7780
     368       1.6985
     369       1.4580
     370       1.7876
     371       1.6316
     372       1.7264
     373       2.2037
     374       2.1769
     375       2.1065
     376       2.4944
     377       2.1766
     378       1.9137
     379       2.0845
     380       1.8718
     381       1.8795
     382       2.0075
     383       2.0957
     384       2.3590
     385       1.8281
     386       2.4875
     387       2.0127
     388       2.0160
     389       2.1363
     390       2.0000
     391       2.5386
     392       2.0303
     393       1.7200
     394       2.2827
     395       2.3002
     396       2.5085
     397       1.8737
     398       1.9340
     399       1.7969
     400       1.6310
     401       1.6751
     402       1.4843
     403       1.6633
     404       2.0933
     405       2.0920
     406       2.2108
     407       1.9673
     408       1.8866
     409       1.9391
     410       1.6507
     411       1.6384
     412       1.5975
     413       1.5815
     414       2.0731
     415       2.0273
     416       2.2097
     417       2.3275
     418       1.9590
     419       2.1893
     420       1.9033
     421       1.4800
     422       1.5834
     423       2.0268
     424       2.0099
     425       1.6060
     426       1.5166
     427       1.5973
     428       1.7030
     429       1.6298
     430       1.6029
     431       1.6954
     432       1.6569
     433       1.8661
     434       1.5727
     435       1.9019
     436       2.2020
     437       1.9952
     438       1.4402
     439       1.5841
     440       1.5584
     441       1.5734
     442       1.6420
     443       1.4179
     444       1.8061
     445       1.6654
     446       1.7056
     447       1.7771
     448       1.8604
     449       1.7546
     450       1.9582
     451       1.7060
     452       1.6912
     453       1.6601
     454       1.8533
     455       1.5593
     456       1.6197
     457       1.4935
     458       1.5140
     459       1.6481
     460       1.6344
     461       1.6220
     462       1.7724
     463       1.5591
     464       1.5621
     465       1.9775
     466       1.9264
     467       1.8605
     468       2.1405
     469       2.2503
     470       1.8037
     471       2.0709
     472       1.7970
     473       1.7592
     474       1.8032
     475       1.8718
     476       1.6638
     477       1.4459
     478       1.7577
     479       1.5322
     480       1.6359
     481       1.6384
     482       1.4657
     483       1.7611
     484       1.6531
     485       1.7117
     486       1.6296
     487       1.6980
     488       1.4195
     489       1.5772
     490       1.6581
     491       1.9805
     492       1.4675
     493       1.8311
     494       2.0204
     495       1.9047
     496       2.0253
     497       1.8331
     498       1.8970
     499       1.7952
     500       2.0147
     501       2.2284
     502       2.3665
     503       2.2135
     504       2.3732
     505       2.1680
     506       2.0317
     507       2.1349
     508       2.0270
     509       2.2066
     510       2.1027
     511       2.1908
     512       1.9897
     513       2.2424
     514       1.9358
     515       2.4590
     516       2.1377
     517       2.2779
     518       2.2118
     519       2.2146
     520       2.1032
     521       2.0568
     522       2.3345
     523       2.3446
     524       2.0883
     525       2.5725
     526       1.8381
     527       1.9799
     528       1.9380
     529       1.8557
     530       2.0188
     531       2.3589
     532       2.2259
     533       2.3279
     534       2.2803
     535       2.2987
     536       2.3011
     537       2.6726
     538       2.4437
     539       2.3434
     540       2.4476
     541       2.3870
     542       2.4507
     543       2.4400
     544       2.3666
     545       2.0440
     546       1.6104
     547       1.6782
     548       2.2005
     549       2.4733
     550       2.5866
     551       2.5458
     552       2.1787
     553       2.2487
     554       2.2624
     555       1.9013
     556       1.9586
     557       1.6690
     558       2.2272
     559       2.4843
     560       2.3228
     561       2.4269
     562       2.4167
     563       2.2944
     564       2.3319
     565       2.6033
     566       2.5839
     567       2.4140
     568       2.3535
     569       2.2869
     570       2.5598
     571       2.3435
     572       2.2630
     573       2.2242
     574       1.8925
     575       2.1824
     576       2.2580
     577       2.1424
     578       2.1466
     579       2.6430
     580       2.3702
     581       2.0194
     582       1.9088
     583       2.1039
     584       2.2065
     585       2.0155
     586       1.8550
     587       1.7461
     588       1.9264
     589       1.9663
     590       1.9688
     591       2.0854
     592       2.1312
     593       2.2928
     594       2.1994
     595       2.2682
     596       2.3858
     597       2.2286
     598       2.0738
     599       2.2280
     600       1.9821
     601       2.3278
     602       2.2210
     603       2.5691
     604       1.9732
     605       1.9912
     606       2.0458
     607       2.2060
     608       1.9627
     609       2.1225
     610       2.0036
     611       1.8906
     612       2.0604
     613       1.8812
     614       2.0183
     615       2.0313
     616       1.7819
     617       1.9159
     618       1.8642
     619       2.2541
     620       2.3025
     621       2.0962
     622       2.0982
     623       2.1166
     624       2.0199
     625       1.9529
     626       2.0239
     627       1.9805
     628       1.7050
     629       1.8170
     630       2.0336
     631       1.9768
     632       1.8226
     633       1.9716
     634       1.8931
     635       1.8333
     636       1.8576
     637       1.9920
     638       1.8795
     639       1.8775
     640       1.9116
     641       2.0620
     642       2.1025
     643       2.0325
     644       2.0213
     645       2.1375
     646       2.2003
     647       2.2450
     648       2.1709
     649       1.9386
     650       2.2959
     651       2.1867
     652       2.2975
     653       2.3167
     654       2.2710
     655       2.2320
     656       1.9721
     657       1.7461
     658       2.0493
     659       2.3228
     660       2.3108
     661       1.9739
     662       2.2181
     663       1.9584
     664       2.0040
     665       1.7465
     666       2.0184
     667       2.3430
     668       2.3637
     669       2.2894
     670       2.0924
     671       1.9566
     672       2.3960
     673       2.1843
     674       2.0514
     675       1.9854
     676       2.2276
     677       2.4175
     678       2.3913
     679       2.0557
     680       2.1787
     681       2.1165
     682       2.4665
     683       2.3735
     684       2.3928
     685       2.3291
     686       2.3475
     687       2.3404
     688       2.4150
     689       2.3730
     690       2.3409
     691       2.2575
     692       2.5242
     693       2.4393
     694       2.6342
     695       2.3323
     696       2.4636
     697       2.6844
     698       2.7438
     699       3.0139
     700       2.8268
     701       2.6841
     702       2.6203
     703       2.7957
     704       2.6289
     705       2.7996
     706       2.5048
     707       2.3962
     708       2.5264
     709       2.4011
     710       2.5767
     711       2.7053
     712       2.8351
     713       3.1602
     714       2.9503
     715       2.9720
     716       2.7938
     717       2.5563
     718       2.5215
     719       2.5588
     720       2.5670
     721       2.5516
     722       2.4784
     723       2.5606
     724       2.4452
     725       2.2578
     726       2.6784
     727       2.2311
     728       2.0261
     729       1.7411
     730       1.9343
     731       1.8406
     732       2.2536
     733       2.0116
     734       1.8845
     735       2.3534
     736       2.2740
     737       2.5520
     738       2.0675
     739       2.1974
     740       2.1008
     741       2.1324
     742       2.3316
     743       2.3542
     744       2.3451
     745       2.2919
     746       2.3936
     747       2.2025
     748       2.3882
     749       2.3030
     750       2.3629
     751       2.5118
     752       2.5152
     753       2.3727
     754       2.2103
     755       2.2141
     756       2.2973
     757       2.2102
     758       1.7608
     759       1.7238
     760       1.8001
     761       1.5261
     762       1.5084
     763       1.3597
     764       1.6889
     765       1.5716
     766       1.6031
     767       1.7938
     768       1.3663
     769       1.5763
     770       1.5519
     771       1.6629
     772       1.4390
     773       1.5730
     774       1.6488
     775       1.7155
     776       1.7301
     777       1.7691
     778       2.0337
     779       1.5896
     780       1.6293
     781       1.6827
     782       1.7127
     783       1.4851
     784       1.5130
     785       1.4775
     786       1.3437
     787       1.5449
     788       1.5399
     789       1.8071
     790       1.5073
     791       1.6364
     792       1.4853
     793       1.4087
     794       1.6703
     795       1.5803
     796       1.5556
     797       1.5730
     798       1.8289
     799       1.8390
     800       1.5326
     801       1.4911
     802       1.5439
     803       1.4818
     804       1.5782
     805       1.5695
     806       1.6599
     807       1.5209
     808       1.7070
     809       2.2216
     810       2.0491
     811       1.7666
     812       1.9950
     813       2.0656
     814       2.1978
     815       1.9910
     816       1.9914
     817       1.8913
     818       1.8896
     819       2.1243
     820       2.1051
     821       2.2532
     822       2.0575
     823       2.0571
     824       2.1544
     825       1.9235
     826       1.9431
     827       2.0780
     828       1.9082
     829       1.7549
     830       1.6934
     831       1.6160
     832       1.5936
     833       1.5425
     834       1.6991
     835       1.7365
     836       1.8007
     837       1.8217
     838       2.1144
     839       1.9014
     840       2.0652
     841       2.1344
     842       1.9083
     843       2.1835
     844       2.0507
     845       1.9767
     846       1.9071
     847       1.9896
     848       1.9710
     849       2.0803
     850       2.2195
     851       2.2103
     852       2.3047
     853       2.2177
     854       1.7584
     855       1.8585
     856       1.7294
     857       1.7239
     858       2.4274
     859       1.7797
     860       1.8977
     861       1.8036
     862       1.8900
     863       1.8714
     864       1.9154
     865       2.0566
     866       1.8818
     867       1.6696
     868       1.5866
     869       1.6958
     870       1.7067
     871       1.6380
     872       1.6635
     873       1.5414
     874       1.7026
     875       1.6599
     876       1.7401
     877       1.6145
     878       1.6240
     879       1.5679
     880       2.0456
     881       1.8252
     882       1.6763
     883       2.0245
     884       1.9687
     885       1.7442
     886       1.8985
     887       1.8959
     888       1.7810
     889       1.9620
     890       1.9566
     891       1.8343
     892       1.8281
     893       1.8108
     894       1.7957
     895       1.6870
     896       1.6830
     897       1.6442
     898       1.9929
     899       1.9515
     900       1.9074
     901       1.8697
     902       1.8116
     903       1.9415
     904       1.9289
     905       2.0287
     906       1.7607
     907       1.9487
     908       1.8191
     909       1.7423
     910       1.8619
     911       1.7048
     912       1.7210
     913       1.7762
     914       1.7327
     915       1.8012
     916       1.8500
     917       1.9879
     918       1.8009
     919       2.0442
     920       1.7961
     921       1.7337
     922       2.0053
     923       1.7630
     924       1.9141
     925       1.7592
     926       1.8579
     927       1.7962
     928       1.6074
     929       1.9305
     930       1.7755
     931       1.8000
     932       1.8013
     933       1.8187
     934       1.9398
     935       1.9644
     936       1.9842
     937       1.9549
     938       2.0194
     939       1.9860
     940       1.9376
     941       1.8803
     942       1.8649
     943       1.8207
     944       1.8975
     945       1.9166
     946       1.9064
     947       1.8570
     948       1.7857
     949       1.9945
     950       1.9497
     951       2.1001
     952       2.1090
     953       2.0127
     954       1.9199
     955       1.9616
     956       1.8431
     957       1.9217
     958       2.0536
     959       1.7496
     960       2.0195
     961       1.8188
     962       1.8024
     963       1.9383
     964       1.9112
     965       1.7497
     966       1.8097
     967       1.7055
     968       1.6707
     969       1.7047
     970       1.9430
     971       1.8140
     972       1.8685
     973       1.7372
     974       1.6236
     975       1.9033
     976       1.8736
     977       1.9216
     978       1.6470
     979       1.7540
     980       1.8284
     981       1.8104
     982       1.9187
     983       1.8798
     984       1.7805
     985       1.6771
     986       1.7743
     987       1.8380
     988       1.7651
     989       1.8056
     990       1.7213
     991       1.6277
     992       1.6866
     993       1.7037
     994       1.5863
     995       1.7187
     996       1.6603
     997       1.6239
     998       1.5864
     999       1.6264
    1000       1.8172
    1001       1.8394
    1002       2.0453
    1003       1.6459
    1004       1.9213
    1005       2.0788
    1006       2.1442
    1007       1.8288
    1008       1.7548
    1009       1.7215
    1010       1.7158
    1011       1.5763
    1012       1.6870
    1013       2.0067
    1014       2.0864
    1015       2.0865
    1016       1.9330
    1017       1.7723
    1018       1.8720
    1019       1.9257
    1020       1.9351
    1021       2.2063
    1022       1.8174
    1023       1.7801
    1024       1.8077
    1025       1.6838
    1026       1.5686
    1027       1.8717
    1028       1.6859
    1029       1.6100
    1030       1.7592
    1031       1.6951
    1032       1.8034
    1033       1.6338
    1034       1.5899
    1035       1.7634
    1036       1.7327
    1037       1.7793
    1038       1.8658
    1039       1.8004
    1040       1.7810
    1041       1.9138
    1042       1.9923
    1043       1.7394
    1044       1.6864
    1045       1.8765
    1046       1.6867
    1047       1.8335
    1048       1.9763
    1049       1.9660
    1050       1.6984
    1051       1.9794
    1052       1.9698
    1053       1.9190
    1054       1.6939
    1055       1.7535
    1056       1.6285
    1057       1.9332
    1058       1.8217
    1059       1.6416
    1060       1.8965
    1061       1.6742
    1062       1.7225
    1063       1.6821
    1064       1.6166
    1065       1.5904
    1066       1.6941
    1067       1.7797
    1068       1.8667
    1069       1.8620
    1070       1.8421
    1071       1.8056
    1072       2.0981
    1073       2.2179
    1074       1.8857
    1075       2.0284
    1076       2.1725
    1077       2.2725
    1078       2.0827
    1079       2.1103
    1080       1.9438
    1081       1.9420
    1082       1.9084
    1083       2.1356
    1084       2.1082
    1085       2.2651
    1086       2.1670
    1087       2.2348
    1088       2.2513
    1089       2.4198
    1090       2.2868
    1091       1.9187
    1092       2.1031
    1093       1.9182
    1094       1.7969
    1095       1.9725
    1096       2.0341
    1097       2.1165
    1098       1.8654
    1099       1.9395
    1100       1.9521
    1101       2.0046
    1102       1.9308
    1103       1.8934
    1104       1.9654
    1105       1.8942
    1106       2.0461
    1107       2.0883
    1108       2.0273
    1109       2.0937
    1110       1.9014
    1111       1.8887
    1112       1.8905
    1113       1.7801
    1114       1.7908
    1115       1.7704
    1116       1.7796
    1117       1.8605
    1118       1.8385
    1119       1.7639
    1120       1.8925
    1121       1.8370
    1122       1.8546
    1123       1.6487
    1124       2.0857
    1125       2.0773
    1126       2.1121
    1127       1.8460
    1128       1.8455
    1129       1.8345
    1130       2.0340
    1131       1.7332
    1132       1.9598
    1133       1.8126
    1134       1.7834
    1135       1.8134
    1136       1.7982
    1137       1.7942
    1138       2.0150
    1139       1.8057
    1140       1.8921
    1141       1.8391
    1142       2.1496
    1143       1.6955
    1144       1.9139
    1145       1.9731
    1146       1.9488
    1147       1.8789
    1148       1.8862
    1149       2.1059
    1150       1.9439
    1151       2.0862
    1152       1.9395
    1153       2.1683
    1154       1.9209
    1155       1.9858
    1156       1.9127
    1157       1.9988
    1158       2.2804
    1159       2.0402
    1160       1.8397
    1161       1.7562
    1162       1.9913
    1163       1.8834
    1164       1.9008
    1165       1.8632
    1166       2.0379
    1167       2.0664
    1168       2.0828
    1169       1.8464
    1170       1.8088
    1171       1.8226
    1172       1.9293
    1173       2.0487
    1174       1.7638
    1175       1.7849
    1176       1.9270
    1177       2.0043
    1178       2.0688
    1179       2.2104
    1180       2.0801
    1181       1.9733
    1182       1.7957
    1183       1.9543
    1184       1.8278
    1185       1.9335
    1186       2.0478
    1187       2.0320
    1188       1.9763
    1189       1.9162
    1190       1.9919
    1191       2.0020
    1192       2.1638
    1193       2.2196
    1194       2.2035
    1195       2.2485
    1196       2.0159
    1197       2.0604
    1198       1.9030
    1199       2.0993
    1200       2.0036
    1201       2.1237
    1202       2.1730
    1203       2.0408
    1204       2.1420
    1205       2.0234
    1206       2.0444
    1207       2.1162
    1208       1.9822
    1209       1.9953
    1210       2.0073
    1211       2.2702
    1212       2.2524
    1213       1.9802
    1214       2.1366
    1215       2.1345
    1216       2.0120
    1217       2.0624
    1218       2.0187
    1219       2.0798
    1220       1.8025
    1221       1.9031
    1222       2.2340
    1223       2.1062
    1224       2.2841
    1225       2.2422
    1226       1.9197
    1227       1.9790
    1228       2.1583
    1229       2.1775
    1230       1.9887
    1231       2.0412
    1232       1.9846
    1233       1.8976
    1234       1.7299
    1235       1.7914
    1236       1.6915
    1237       1.8612
    1238       1.7100
    1239       1.8274
    1240       1.7813
    1241       1.7329
    1242       1.8466
    1243       1.8301
    1244       1.9883
    1245       1.7668
    1246       1.6755
    1247       1.6618
    1248       1.5479
    1249       1.6094
    1250       1.6609
    1251       1.4884
    1252       1.7429
    1253       1.8809
    1254       1.8082
    1255       1.6901
    1256       1.5538
    1257       1.6681
    1258       1.6020
    1259       1.7828
    1260       1.5402
    1261       1.4138
    1262       1.7292
    1263       1.9761
    1264       1.9884
    1265       2.3638
    1266       2.1863
    1267       1.8542
    1268       1.7441
    1269       1.9231
    1270       1.9356
    1271       2.2269
    1272       2.3806
    1273       2.3575
    1274       2.8833
    1275       2.5403
    1276       2.4551
    1277       2.3093
    1278       2.2454
    1279       2.1640
    1280       2.1026
    1281       2.1835
    1282       2.0722
    1283       2.4730
    1284       2.5840
    1285       2.3956
    1286       2.4293
    1287       2.3829
    1288       1.8139
    1289       1.9332
    1290       2.1089
    1291       2.0012
    1292       1.9394
    1293       1.8275
    1294       1.8013
    1295       1.9943
    1296       2.0170
    1297       1.7204
    1298       1.7984
    1299       1.9477
    1300       1.8397
    1301       1.7195
    1302       2.0485
    1303       1.9634
    1304       2.2098
    1305       1.9321
    1306       1.9089
    1307       2.2689
    1308       1.9405
    1309       1.8786
    1310       1.8904
    1311       1.8474
    1312       1.9654
    1313       1.8377
    1314       1.9544
    1315       2.0792
    1316       2.0525
    1317       2.0202
    1318       1.8963
    1319       1.8313
    1320       1.7166
    1321       1.7414
    1322       1.6976
    1323       1.7347
    1324       1.8455
    1325       1.8864
    1326       1.7768
    1327       1.8752
    1328       1.9529
    1329       2.0091
    1330       1.6988
    1331       1.7637
    1332       1.7600
    1333       1.7321
    1334       1.8556
    1335       2.0658
    1336       1.9624
    1337       1.9897
    1338       1.6840
    1339       1.8443
    1340       1.8950
    1341       1.9167
    1342       1.8393
    1343       1.7981
    1344       2.0588
    1345       2.2792
    1346       1.9640
    1347       1.9499
    1348       1.7882
    1349       2.1175
    1350       1.8808
    1351       1.8947
    1352       1.9083
    1353       1.9725
    1354       2.2207
    1355       1.9215
    1356       1.9632
    1357       1.9429
    1358       1.9191
    1359       1.7510
    1360       1.9173
    1361       1.8237
    1362       1.9730
    1363       1.9247
    1364       1.8645
    1365       1.7623
    1366       1.7008
    1367       1.7879
    1368       1.6846
    1369       1.8808
    1370       1.7021
    1371       1.6961
    1372       2.0258
    1373       1.9681
    1374       1.8480
    1375       1.8328
    1376       1.8923
    1377       1.9146
    1378       2.1834
    1379       2.1128
    1380       2.4365
    1381       1.9457
    1382       2.1663
    1383       2.2975
    1384       1.6622
    1385       1.8741
    1386       2.1258
    1387       1.8032
    1388       1.8942
    1389       2.0417
    1390       1.9037
    1391       1.8253
    1392       1.7510
    1393       1.6871
    1394       1.8865
    1395       1.7516
    1396       1.9653
    1397       1.7792
    1398       1.8675
    1399       1.8493
    1400       1.7896
    1401       2.0119
    1402       2.0359
    1403       1.9546
    1404       1.9119
    1405       1.7705
    1406       1.8415
    1407       1.8142
    1408       1.7340
    1409       1.7904
    1410       1.9448
    1411       1.8538
    1412       1.8616
    1413       1.8467
    1414       1.9274
    1415       2.0666
    1416       2.0972
    1417       1.8389
    1418       1.8860
    1419       1.7878
    1420       1.8422
    1421       1.8605
    1422       1.7947
    1423       1.8551
    1424       1.8557
    1425       1.9398
    1426       2.0031
    1427       1.8495
    1428       1.9707
    1429       1.9662
    1430       1.9901
    1431       2.0108
    1432       2.1764
    1433       1.6732
    1434       1.6794
    1435       1.9169
    1436       1.8836
    1437       1.6992
    1438       1.8954
    1439       1.9142
    1440       1.8509
    1441       1.8248
    1442       1.9153
    1443       1.7485
    1444       1.7004
    1445       1.8760
    1446       1.8351
    1447       1.6608
    1448       1.8416
    1449       1.7247
    1450       1.8204
    1451       1.7315
    1452       1.7790
    1453       1.8599
    1454       1.9874
    1455       1.8533
    1456       2.0387
    1457       2.0712
    1458       1.6390
    1459       1.8440
    1460       1.9250
    1461       1.8325
    1462       1.7851
    1463       1.8287
    1464       2.0540
    1465       2.2090
    1466       2.1517
    1467       2.4228
    1468       2.3410
    1469       2.9719
    1470       2.5806
    1471       2.4555
    1472       2.2265
    1473       2.2812
    1474       2.0403
    1475       1.9902
    1476       1.8160
    1477       1.9326
    1478       2.2966
    1479       2.0001
    1480       2.1051
    1481       2.1111
    1482       2.1208
    1483       2.1567
    1484       2.1987
    1485       1.9542
    1486       2.2587
    1487       2.1388
    1488       2.1322
    1489       1.8926
    1490       1.9113
    1491       1.9801
    1492       2.1621
    1493       2.1972
    1494       2.1953
    1495       1.9141
    1496       2.1254
    1497       2.3213
    1498       1.9955
    1499       2.0584
    1500       2.0422
    1501       1.8560
    1502       2.1489
    1503       2.0221
    1504       1.9427
    1505       2.2276
    1506       2.2149
    1507       2.0792
    1508       2.2029
    1509       2.2651
    1510       2.0955
    1511       2.1514
    1512       1.9553
    1513       2.0742
    1514       2.1812
    1515       2.2736
    1516       2.1211
    1517       1.8635
    1518       1.7572
    1519       2.0255
    1520       2.1347
    1521       1.9643
    1522       1.9738
    1523       2.1463
    1524       2.0425
    1525       1.9164
    1526       2.0211
    1527       2.0920
    1528       2.2722
    1529       1.9953
    1530       1.8814
    1531       1.8761
    1532       2.0901
    1533       2.0584
    1534       1.9059
    1535       1.8764
    1536       2.0591
    1537       2.3910
    1538       1.9580
    1539       1.8741
    1540       2.0376
    1541       2.1414
    1542       1.9863
    1543       2.0505
    1544       1.8096
    1545       1.9108
    1546       1.9982
    1547       1.8364
    1548       2.1625
    1549       2.0372
    1550       1.9517
    1551       1.8988
    1552       1.9860
    1553       2.2435
    1554       2.1450
    1555       2.0315
    1556       2.1908
    1557       2.2718
    1558       2.0514
    1559       2.0747
    1560       2.0401
    1561       1.9816
    1562       2.0548
    1563       2.1786
    1564       2.2669
    1565       2.0672
    1566       2.0541
    1567       1.8820
    1568       1.8438
    1569       2.0270
    1570       1.9462
    1571       1.9527
    1572       2.1151
    1573       1.9821
    1574       1.8953
    1575       1.9354
    1576       1.9666
    1577       2.2239
    1578       2.0033
    1579       2.0953
    1580       2.1291
    1581       1.9885
    1582       1.9338
    1583       1.9081
    1584       2.0015
    1585       2.0440
    1586       1.9677
    1587       1.8314
    1588       1.8699
    1589       1.8742
    1590       1.9190
    1591       1.9189
    1592       1.8768
    1593       1.9629
    1594       2.0913
    1595       2.1011
    1596       1.9700
    1597       1.8892
    1598       2.0729
    1599       2.0969
    1600       1.9263
    1601       2.3314
    1602       1.9055
    1603       2.0888
    1604       2.4272
    1605       2.2111
    1606       1.9522
    1607       1.9915
    1608       2.0674
    1609       1.8722
    1610       2.0515
    1611       2.0793
    1612       2.1880
    1613       2.1499
    1614       2.1053
    1615       1.9171
    1616       1.8429
    1617       1.9891
    1618       2.0904
    1619       2.2881
    1620       2.1488
    1621       2.3247
    1622       2.2480
    1623       2.0697
    1624       2.2636
    1625       1.9577
    1626       2.1155
    1627       2.3026
    1628       2.2310
    1629       2.0854
    1630       2.0168
    1631       2.0063
    1632       2.1668
    1633       2.1106
    1634       1.8303
    1635       2.0280
    1636       2.0687
    1637       2.4338
    1638       2.2737
    1639       2.3477
    1640       2.4297
    1641       2.1409
    1642       2.1417
    1643       1.9835
    1644       1.9050
    1645       2.5708
    1646       2.4792
    1647       2.2636
    1648       2.3234
    1649       2.2602
    1650       2.2181
    1651       2.2553
    1652       2.3600
    1653       2.2273
    1654       2.0644
    1655       2.1736
    1656       2.0765
    1657       2.6861
    1658       2.1663
    1659       2.3247
    1660       2.3457
    1661       2.2218
    1662       2.1065
    1663       2.4405
    1664       2.0169
    1665       2.2133
    1666       1.8800
    1667       2.1650
    1668       1.9711
    1669       2.2487
    1670       1.9723
    1671       2.1245
    1672       2.2888
    1673       2.2385
    1674       2.5236
    1675       2.1330
    1676       2.4826
    1677       1.9998
    1678       2.6577
    1679       2.1877
    1680       1.8913
    1681       1.8665
    1682       1.8482
    1683       1.9511
    1684       1.9742
    1685       2.4729
    1686       2.6067
    1687       2.3772
    1688       2.4341
    1689       2.6513
    1690       2.2090
    1691       2.2034
    1692       2.1992
    1693       1.9588
    1694       2.0013
    1695       2.1878
    1696       2.7576
    1697       2.6988
    1698       2.8703
    1699       2.4675
    1700       2.5952
    1701       2.3153
    1702       2.2359
    1703       2.5197
    1704       2.4587
    1705       2.2696
    1706       2.1078
    1707       2.2575
    1708       2.0132
    1709       2.0905
    1710       1.8791
    1711       2.4258
    1712       2.4145
    1713       2.1621
    1714       2.0578
    1715       2.1878
    1716       2.3299
    1717       2.2279
    1718       2.0327
    1719       2.1670
    1720       2.1840
    1721       1.9473
    1722       1.9798
    1723       2.1914
    1724       1.8659
    1725       1.9881
    1726       1.8144
    1727       2.1177
    1728       2.0630
    1729       2.1050
    1730       1.9899
    1731       1.9823
    1732       1.9605
    1733       1.8843
    1734       2.1804
    1735       1.7812
    1736       1.8513
    1737       1.6963
    1738       2.0706
    1739       1.8775
    1740       1.9694
    1741       2.1903
    1742       2.1812
    1743       2.0028
    1744       2.1124
    1745       2.1953
    1746       2.0014
    1747       1.8759
    1748       2.0791
    1749       2.4017
    1750       1.8687
    1751       1.9695
    1752       1.9053
    1753       1.9434
    1754       2.0507
    1755       1.9090
    1756       1.9269
    1757       2.0441
    1758       2.1289
    1759       2.0075
    1760       2.0115
    1761       1.7521
    1762       1.8374
    1763       1.9359
    1764       1.8014
    1765       1.9448
    1766       2.0656
    1767       1.9268
    1768       2.0552
    1769       2.0572
    1770       1.8374
    1771       2.1943
    1772       2.0183
    1773       1.8009
    1774       1.9223
    1775       2.0534
    1776       2.2651
    1777       2.0271
    1778       2.3420
    1779       2.0560
    1780       2.0883
    1781       1.9287
    1782       2.0197
    1783       2.3448
    1784       2.3671
    1785       2.2087
    1786       2.0570
    1787       2.0353
    1788       2.1424
    1789       1.7310
    1790       1.8260
    1791       1.9233
    1792       1.9712
    1793       1.9369
    1794       2.1295
    1795       1.8281
    1796       1.8012
    1797       1.8452
    1798       1.7773
    1799       1.7525
    1800       1.8839
    1801       1.9701
    1802       1.6797
    1803       1.8624
    1804       1.6702
    1805       1.9197
    1806       1.9670
    1807       1.9119
    1808       1.9236
    1809       1.8239
    1810       1.7237
    1811       2.0587
    1812       1.8172
    1813       1.8256
    1814       2.0552
    1815       1.8418
    1816       1.8233
    1817       1.8335
    1818       2.0321
    1819       2.0788
    1820       2.1320
    1821       1.9418
    1822       1.7683
    1823       2.0532
    1824       2.1437
    1825       2.2681
    1826       2.0644
    1827       1.8610
    1828       2.0778
    1829       2.0929
    1830       2.4053
    1831       2.2528
    1832       2.2259
    1833       1.9897
    1834       2.0764
    1835       2.0521
    1836       2.0756
    1837       2.1894
    1838       2.1451
    1839       2.2481
    1840       1.9082
    1841       1.7558
    1842       1.8627
    1843       2.0267
    1844       1.8372
    1845       1.8650
    1846       2.0371
    1847       2.0123
    1848       1.9821
    1849       2.0271
    1850       1.8786
    1851       1.9282
    1852       1.8552
    1853       1.9229
    1854       1.8267
    1855       1.8403
    1856       1.7291
    1857       1.9000
    1858       1.9724
    1859       1.7233
    1860       1.7793
    1861       1.9836
    1862       2.1551
    1863       2.3436
    1864       2.6902
    1865       2.4306
    1866       2.1119
    1867       2.0753
    1868       2.0824
    1869       2.2885
    1870       1.9634
    1871       2.1529
    1872       2.3397
    1873       2.2424
    1874       2.3294
    1875       2.1849
    1876       2.4647
    1877       2.2825
    1878       2.2278
    1879       2.1505
    1880       2.5472
    1881       2.1349
    1882       1.8873
    1883       2.6022
    1884       2.5055
    1885       2.3720
    1886       2.5051
    1887       2.1566
    1888       2.1544
    1889       2.2641
    1890       2.1303
    1891       2.1706
    1892       2.2303
    1893       2.1700
    1894       2.2500
    1895       2.3657
    1896       2.5894
    1897       2.2919
    1898       2.3699
    1899       2.2297
    1900       2.2348
    1901       2.2785
    1902       2.1345
    1903       2.1014
    1904       2.1359
    1905       2.1823
    1906       2.0821
    1907       2.1569
    1908       2.0101
    1909       1.9171
    1910       2.2911
    1911       2.3124
    1912       2.3460
    1913       2.0281
    1914       2.2369
    1915       2.2142
    1916       2.1682
    1917       2.0358
    1918       2.1641
    1919       2.3000
    1920       2.1417
    1921       2.4396
    1922       2.4839
    1923       2.2934
    1924       2.6048
    1925       2.3526
    1926       2.4681
    1927       2.5297
    1928       2.3940
    1929       2.4524
    1930       2.3313
    1931       2.6604
    1932       2.3822
    1933       2.2847
    1934       2.5994
    1935       2.5500
    1936       2.3263
    1937       2.0777
    1938       2.0144
    1939       2.2297
    1940       2.1656
    1941       1.9544
    1942       2.1127
    1943       2.0146
    1944       1.8875
    1945       2.1438
    1946       1.8885
    1947       2.1779
    1948       1.9341
    1949       1.9659
    1950       2.0330
    1951       1.9193
    1952       2.2155
    1953       2.4381
    1954       1.9598
    1955       2.0805
    1956       2.0656
    1957       2.2928
    1958       2.1588
    1959       2.0349
    1960       2.0120
    1961       2.3630
    1962       2.1725
    1963       2.1891
    1964       2.2977
    1965       2.1499
    1966       2.4186
    1967       2.2590
    1968       2.3001
    1969       2.1206
    1970       1.8294
    1971       1.8888
    1972       1.8562
    1973       2.1667
    1974       2.3118
    1975       2.2141
    1976       2.2198
    1977       2.0642
    1978       2.1269
    1979       2.1316
    1980       2.1324
    1981       1.9114
    1982       2.0632
    1983       2.1226
    1984       1.8368
    1985       2.0454
    1986       2.0332
    1987       2.2431
    1988       2.3347
    1989       2.1155
    1990       2.5306
    1991       2.5550
    1992       3.0973
    1993       2.6156
    1994       2.6328
    1995       2.1023
    1996       2.5706
    1997       2.3668
    1998       2.4036
    1999       2.4920
    2000       2.3725
    2001       1.9118
    2002       2.2285
    2003       2.4303
    2004       2.3134
    2005       2.2884
    2006       2.2926
    2007       2.1890
    2008       2.0896
    2009       2.5339
    2010       2.3200
    2011       2.4676
    2012       2.3636
    2013       2.3402
    2014       1.9110
    2015       1.8671
    2016       2.2444
    2017       2.0681
    2018       2.1558
    2019       1.9762
    2020       2.0538
    2021       2.0521
    2022       2.2832
    2023       2.1642
    2024       1.8949
    2025       2.1339
    2026       2.4393
    2027       2.1632
    2028       2.0893
    2029       2.0431
    2030       1.8556
    2031       2.0915
    2032       2.4604
    2033       2.3408
    2034       2.0002
    2035       2.2974
    2036       2.2044
    2037       2.1059
    2038       2.2459
    2039       2.2916
    2040       1.9516
    2041       2.1097
    2042       1.9773
    2043       2.2859
    2044       2.4019
    2045       2.1776
    2046       2.3413
    2047       2.0917
    2048       2.4230
    2049       2.4190
    2050       2.1886
    2051       2.3227
    2052       2.5456
    2053       2.1366
    2054       2.2358
    2055       2.4929
    2056       2.3622
    2057       2.0272
    2058       1.9751
    2059       1.7862
    2060       1.8799
    2061       2.1927
    2062       2.3798
    2063       2.2918
    2064       2.3956
    2065       1.9790
    2066       2.1617
    2067       1.9516
    2068       1.9879
    2069       2.1192
    2070       2.6429
    2071       2.3512
    2072       2.3503
    2073       2.4452
    2074       1.7740
    2075       2.0745
    2076       2.0663
    2077       1.6449
    2078       1.7418
    2079       1.9942
    2080       1.9887
    2081       1.7399
    2082       2.1396
    2083       2.0082
    2084       2.0581
    2085       2.0055
    2086       2.2641
    2087       2.0762
    2088       2.2363
    2089       2.5790
    2090       1.9681
    2091       2.1855
    2092       2.2009
    2093       2.0710
    2094       2.0595
    2095       2.1715
    2096       1.9567
    2097       2.0117
    2098       2.0484
    2099       2.0732
    2100       2.3421
    2101       1.8135
    2102       1.9464
    2103       2.0542
    2104       2.0188
    2105       2.1509
    2106       2.3409
    2107       2.1947
    2108       2.0164
    2109       2.5750
    2110       2.5642
    2111       2.2795
    2112       1.9362
    2113       2.1848
    2114       2.3050
    2115       2.1939
    2116       2.1397
    2117       2.1806
    2118       2.2321
    2119       2.4642
    2120       1.9767
    2121       1.9220
    2122       2.0099
    2123       1.9802
    2124       1.8396
    2125       2.0763
    2126       2.1144
    2127       2.0741
    2128       2.1810
    2129       2.0460
    2130       1.9748
    2131       2.0560
    2132       2.1960
    2133       2.0940
    2134       1.9376
    2135       2.0702
    2136       2.2320
    2137       2.3097
    2138       1.9249
    2139       1.7621
    2140       1.9145
    2141       2.1646
    2142       1.9066
    2143       1.7593
    2144       1.9088
    2145       2.0136
    2146       1.8771
    2147       2.0357
    2148       2.1493
    2149       2.1287
    2150       2.1802
    2151       2.1513
    2152       2.0234
    2153       1.8828
    2154       2.1442
    2155       2.0911
    2156       2.2318
    2157       2.1770
    2158       2.0972
    2159       2.4253
    2160       2.2572
    2161       2.3685
    2162       2.2173
    2163       1.9370
    2164       2.1205
    2165       2.0711
    2166       2.5329
    2167       2.1861
    2168       2.5258
    2169       2.0405
    2170       2.1272
    2171       2.0257
    2172       2.1032
    2173       1.9352
    2174       1.9475
    2175       2.0677
    2176       2.2824
    2177       1.7315
    2178       1.9598
    2179       2.2024
    2180       1.9632
    2181       1.9576
    2182       2.1976
    2183       2.2007
    2184       1.9495
    2185       2.4227
    2186       2.0676
    2187       2.2643
    2188       2.3046
    2189       2.2003
    2190       1.8480
    2191       2.1792
    2192       2.0927
    2193       2.1265
    2194       1.8037
    2195       1.9630
    2196       2.1505
    2197       2.1444
    2198       2.1372
    2199       2.0434
    2200       2.1776
    2201       2.2794
    2202       2.0095
    2203       1.6852
    2204       1.8832
    2205       1.5897
    2206       1.5622
    2207       1.6347
    2208       1.7949
    2209       1.8798
    2210       1.6520
    2211       1.8920
    2212       1.9710
    2213       1.7568
    2214       2.0204
    2215       1.9417
    2216       1.9738
    2217       1.9291
    2218       2.0659
    2219       2.2150
    2220       1.8477
    2221       1.8389
    2222       1.7952
    2223       2.0697
    2224       2.0902
    2225       1.8420
    2226       1.9415
    2227       1.9876
    2228       2.0247
    2229       2.1713
    2230       2.0496
    2231       2.3623
    2232       2.4123
    2233       2.2013
    2234       1.9958
    2235       2.1947
    2236       2.2632
    2237       2.2941
    2238       2.0224
    2239       2.0730
    2240       1.8913
    2241       2.0589
    2242       1.9896
    2243       2.2093
    2244       2.1368
    2245       2.1500
    2246       2.0604
    2247       2.1803
    2248       2.2133
    2249       2.4317
    2250       1.8816
    2251       2.3585
    2252       2.0664
    2253       2.0948
    2254       2.0612
    2255       2.3850
    2256       2.3521
    2257       2.3102
    2258       2.4551
    2259       2.2444
    2260       2.0239
    2261       2.1766
    2262       2.2233
    2263       1.9576
    2264       2.1665
    2265       2.3795
    2266       2.3896
    2267       2.0163
    2268       2.1413
    2269       1.7255
    2270       1.7603
    2271       2.0077
    2272       2.0664
    2273       2.0534
    2274       2.1406
    2275       1.8899
    2276       2.0175
    2277       2.0989
    2278       2.5243
    2279       2.5638
    2280       2.4257
    2281       2.2754
    2282       2.3037
    2283       2.3628
    2284       2.0667
    2285       2.3706
    2286       2.2431
    2287       2.2455
    2288       2.4023
    2289       2.1016
    2290       2.1508
    2291       2.3211
    2292       2.1994
    2293       2.2644
    2294       2.0488
    2295       1.9328
    2296       1.9393
    2297       1.8711
    2298       2.1965
    2299       2.3143
    2300       2.5791
    2301       2.2357
    2302       2.2816
    2303       2.3524
    2304       2.2425
    2305       2.3369
    2306       2.4150
    2307       2.4243
    2308       2.2116
    2309       2.0962
    2310       2.1315
    2311       2.1289
    2312       2.1386
    2313       1.6835
    2314       2.0169
    2315       1.9392
    2316       2.2648
    2317       2.6181
    2318       2.4418
    2319       2.4681
    2320       2.4376
    2321       2.7321
    2322       2.6454
    2323       2.4802
    2324       2.2542
    2325       2.4672
    2326       2.4387
    2327       2.4904
    2328       2.5955
    2329       2.6307
    2330       2.7247
    2331       2.5901
    2332       2.9412
    2333       2.6109
    2334       2.5906
    2335       2.7157
    2336       2.6777
    2337       2.5245
    2338       2.5997
    2339       2.5024
    2340       2.5081
    2341       2.2747
    2342       2.5075
    2343       2.3893
    2344       2.1871
    2345       2.0457
    2346       2.1542
    2347       2.0396
    2348       2.0148
    2349       2.0068
    2350       1.7652
    2351       2.0016
    2352       2.1022
    2353       1.9738
    2354       2.4455
    2355       2.3872
    2356       2.1476
    2357       1.9719
    2358       2.3719
    2359       2.3175
    2360       2.3488
    2361       2.6139
    2362       2.4873
    2363       2.2027
    2364       2.0837
    2365       2.2653
    2366       1.9816
    2367       1.9516
    2368       2.1337
    2369       2.0457
    2370       1.9955
    2371       2.2017
    2372       1.9442
    2373       1.9352
    2374       1.9351
    2375       1.8889
    2376       1.9525
    2377       1.9813
    2378       2.0158
    2379       1.9281
    2380       2.0367
    2381       1.9120
    2382       2.2710
    2383       2.1112
    2384       2.0091
    2385       2.4138
    2386       2.3733
    2387       2.1816
    2388       2.2045
    2389       2.0903
    2390       2.0084
    2391       2.2158
    2392       1.9827
    2393       2.0643
    2394       1.9478
    2395       2.0649
    2396       2.2619
    2397       2.7217
    2398       2.3311
    2399       1.9602
    2400       2.2455
    2401       2.1031
    2402       1.9165
    2403       1.9670
    2404       2.0734
    2405       1.7776
    2406       1.9378
    2407       1.9771
    2408       2.2815
    2409       1.9466
    2410       1.6584
    2411       2.1283
    2412       2.0960
    2413       2.0086
    2414       1.7108
    2415       1.9423
    2416       1.8252
    2417       1.9169
    2418       2.2553
    2419       2.2003
    2420       2.2615
    2421       2.1521
    2422       2.1973
    2423       1.9125
    2424       1.8588
    2425       2.1675
    2426       2.0619
    2427       1.9712
    2428       2.3601
    2429       2.0510
    2430       2.0994
    2431       1.9706
    2432       2.0963
    2433       1.9124
    2434       1.9735
    2435       1.8633
    2436       1.9379
    2437       2.1016
    2438       2.2013
    2439       2.4259
    2440       2.4914
    2441       1.8596
    2442       2.1124
    2443       1.8831
    2444       1.9282
    2445       2.1618
    2446       1.9244
    2447       1.7385
    2448       2.1294
    2449       2.0048
    2450       2.1005
    2451       1.9258
    2452       1.9482
    2453       2.3197
    2454       2.3414
    2455       1.7774
    2456       1.8422
    2457       1.9382
    2458       2.0538
    2459       1.9968
    2460       2.2122
    2461       2.1951
    2462       2.1928
    2463       1.9184
    2464       2.0827
    2465       2.1171
    2466       2.0220
    2467       2.1379
    2468       1.9629
    2469       1.9479
    2470       2.1016
    2471       1.8655
    2472       2.0836
    2473       2.1062
    2474       2.0060
    2475       1.8863
    2476       1.7912
    2477       2.0199
    2478       2.0038
    2479       2.1554
    2480       2.0555
    2481       2.0514
    2482       2.1537
    2483       2.3107
    2484       2.3582
    2485       2.0360
    2486       2.3661
    2487       2.3694
    2488       2.0678
    2489       2.0718
    2490       1.9310
    2491       2.1165
    2492       2.1645
    2493       2.3296
    2494       2.1449
    2495       1.9830
    2496       2.1844
    2497       1.9568
    2498       2.1223
    2499       2.3412
    2500       1.9967
    2501       2.0954
    2502       2.3227
    2503       2.1889
    2504       2.2220
    2505       2.3931
    2506       2.3687
    2507       2.5262
    2508       2.2094
    2509       2.5331
    2510       1.9705
    2511       2.2314
    2512       2.5029
    2513       2.2090
    2514       2.4202
    2515       2.5639
    2516       2.4003
    2517       2.4130
    2518       2.4255
    2519       2.2673
    2520       2.4481
    2521       2.1600
    2522       2.2783
    2523       2.1873
    2524       2.1843
    2525       1.8318
    2526       2.1996
    2527       2.6268
    2528       2.4276
    2529       2.1940
    2530       2.1058
    2531       2.4131
    2532       2.4566
    2533       2.2324
    2534       2.5358
    2535       2.1973
    2536       2.2517
    2537       2.3659
    2538       2.4087
    2539       2.1229
    2540       2.5159
    2541       2.2416
    2542       2.2487
    2543       2.2657
    2544       2.1763
    2545       2.4695
    2546       2.8922
    2547       2.7238
    2548       2.9257
    2549       2.6752
    2550       2.7097
    2551       2.1373
    2552       2.5850
    2553       2.6112
    2554       2.2883
    2555       2.1761
    2556       2.2902
    2557       2.1011
    2558       2.6959
    2559       2.8487
    2560       2.6710
    2561       2.6972
    2562       2.7043
    2563       2.7410
    2564       2.7015
    2565       2.9119
    2566       2.6017
    2567       2.0965
    2568       2.6477
    2569       2.0945
    2570       2.1044
    2571       2.6187
    2572       2.4762
    2573       2.0607
    2574       2.2600
    2575       2.4143
    2576       2.1860
    2577       2.3467
    2578       2.1614
    2579       1.9959
    2580       1.9879
    2581       2.0272
    2582       1.9599
    2583       2.1281
    2584       2.2730
    2585       2.4184
    2586       2.8948
    2587       2.8043
    2588       2.5271
    2589       2.6761
    2590       2.6172
    2591       2.3434
    2592       2.3057
    2593       2.1984
    2594       2.1123
    2595       2.2256
    2596       2.3331
    2597       2.5039
    2598       2.2817
    2599       2.3643
    2600       2.6672
    2601       2.5408
    2602       2.5367
    2603       2.3093
    2604       2.1294
    2605       2.0209
    2606       2.2297
    2607       2.2728
    2608       1.9799
    2609       2.5618
    2610       2.1453
    2611       2.2705
    2612       2.2959
    2613       2.2220
    2614       2.4444
    2615       2.1821
    2616       2.1735
    2617       2.0025
    2618       2.3806
    2619       2.2999
    2620       2.1434
    2621       2.3866
    2622       2.4741
    2623       2.1126
    2624       1.9325
    2625       2.3316
    2626       2.3964
    2627       2.3749
    2628       2.7233
    2629       2.5853
    2630       2.5187
    2631       2.5093
    2632       2.1474
    2633       2.3131
    2634       2.1054
    2635       2.2235
    2636       2.1565
    2637       2.2472
    2638       2.2682
    2639       2.4895
    2640       2.3500
    2641       1.8910
    2642       1.9180
    2643       2.1923
    2644       2.2138
    2645       2.1318
    2646       2.2224
    2647       1.9805
    2648       1.9357
    2649       2.2478
    2650       2.3653
    2651       2.1664
    2652       1.8722
    2653       2.0345
    2654       1.8212
    2655       1.9720
    2656       1.9879
    2657       1.9940
    2658       2.0218
    2659       1.9518
    2660       1.9649
    2661       2.3286
    2662       2.5104
    2663       2.2179
    2664       2.2560
    2665       1.7905
    2666       1.8965
    2667       2.1056
    2668       2.1373
    2669       1.8002
    2670       2.0274
    2671       2.0309
    2672       2.0797
    2673       2.0059
    2674       1.8218
    2675       2.1785
    2676       1.9793
    2677       1.9438
    2678       1.9132
    2679       1.8324
    2680       1.9445
    2681       2.1804
    2682       2.1936
    2683       2.0736
    2684       1.7580
    2685       2.3730
    2686       1.7743
    2687       2.1129
    2688       2.1313
    2689       2.2521
    2690       1.9466
    2691       1.9714
    2692       2.1302
    2693       2.4148
    2694       2.3266
    2695       2.1786
    2696       2.0590
    2697       2.1425
    2698       2.1303
    2699       2.3463
    2700       2.6584
    2701       2.4673
    2702       2.4030
    2703       2.0490
    2704       2.2911
    2705       2.3086
    2706       2.1472
    2707       2.3919
    2708       2.1312
    2709       2.1685
    2710       2.0277
    2711       2.2597
    2712       2.2236
    2713       2.1078
    2714       2.3870
    2715       2.6605
    2716       2.3561
    2717       2.4510
    2718       2.5043
    2719       2.1300
    2720       2.4784
    2721       2.7073
    2722       2.4194
    2723       2.2971
    2724       2.0948
    2725       2.0231
    2726       2.0719
    2727       2.2331
    2728       2.0563
    2729       2.4122
    2730       2.5324
    2731       2.1416
    2732       2.4082
    2733       2.2822
    2734       2.5408
    2735       2.5066
    2736       2.5804
    2737       2.3028
    2738       2.2424
    2739       2.4722
    2740       2.2879
    2741       2.4877
    2742       2.5612
    2743       2.3207
    2744       2.4355
    2745       2.6419
    2746       2.5446
    2747       2.2574
    2748       2.6068
    2749       2.4122
    2750       2.3357
    2751       2.2778
    2752       2.2904
    2753       2.5204
    2754       2.5303
    2755       2.4572
    2756       2.5159
    2757       2.5105
    2758       2.3384
    2759       2.5312
    2760       2.6993
    2761       2.4221
    2762       2.1620
    2763       2.4106
    2764       2.4939
    2765       2.5950
    2766       2.7740
    2767       2.9038
    2768       2.7813
    2769       2.6270
    2770       2.9297
    2771       2.7158
    2772       2.2100
    2773       2.7404
    2774       2.6806
    2775       2.6588
    2776       2.8339
    2777       2.9152
    2778       2.8003
    2779       2.8188
    2780       2.6424
    2781       2.7298
    2782       2.7344
    2783       3.2050
    2784       3.2012
    2785       2.9974
    2786       2.6874
    2787       3.0217
    2788       2.7705
    2789       2.7202
    2790       2.3761
    2791       2.3585
    2792       2.5371
    2793       2.7054
    2794       2.6199
    2795       2.3422
    2796       2.5927
    2797       2.7833
    2798       2.3070
    2799       2.1497
    2800       2.1383
    2801       2.1120
    2802       2.0659
    2803       2.0492
    2804       2.0693
    2805       2.1159
    2806       2.1924
    2807       2.1122
    2808       1.9818
    2809       2.0786
    2810       2.1295
    2811       2.3620
    2812       2.3356
    2813       1.8983
    2814       1.9074
    2815       2.0032
    2816       1.9944
    2817       1.9153
    2818       2.2101
    2819       2.2155
    2820       2.5033
    2821       2.4213
    2822       2.5555
    2823       2.4963
    2824       2.3493
    2825       2.3704
    2826       2.3230
    2827       2.7596
    2828       2.6542
    2829       2.4425
    2830       2.4047
    2831       2.3397
    2832       2.3496
    2833       2.1770
    2834       1.9091
    2835       2.1445
    2836       2.4530
    2837       2.0564
    2838       2.1955
    2839       2.1830
    2840       2.1235
    2841       2.0441
    2842       2.1736
    2843       2.0518
    2844       2.3637
    2845       2.2634
    2846       2.0362
    2847       2.1163
    2848       2.2010
    2849       1.9200
    2850       2.2493
    2851       2.3046
    2852       2.1942
    2853       2.4207
    2854       2.2750
    2855       2.2429
    2856       2.1781
    2857       2.1303
    2858       2.1064
    2859       2.4448
    2860       2.2964
    2861       2.3760
    2862       2.1948
    2863       2.3043
    2864       2.3221
    2865       2.1838
    2866       2.2300
    2867       2.3834
    2868       2.6830
    2869       2.2824
    2870       2.4589
    2871       2.1646
    2872       2.2106
    2873       2.1618
    2874       2.4623
    2875       2.2283
    2876       2.1043
    2877       2.4597
    2878       2.1552
    2879       2.1468
    2880       2.2525
    2881       1.9701
    2882       2.0274
    2883       2.1758
    2884       2.2306
    2885       2.3075
    2886       2.4955
    2887       2.0149
    2888       2.5846
    2889       2.4369
    2890       2.2806
    2891       2.4391
    2892       2.5633
    2893       2.3316
    2894       2.1173
    2895       2.6060
    2896       2.3129
    2897       2.2140
    2898       2.3246
    2899       2.0316
    2900       2.0773
    2901       2.3039
    2902       1.8352
    2903       1.9469
    2904       1.9983
    2905       1.8161
    2906       2.0904
    2907       2.3241
    2908       1.9925
    2909       2.0521
    2910       2.3438
    2911       2.2524
    2912       2.3034
    2913       2.3208
    2914       1.8744
    2915       1.9715
    2916       1.8993
    2917       2.0538
    2918       1.8075
    2919       1.9962
    2920       2.2619
    2921       2.1267
    2922       2.2574
    2923       2.0114
    2924       2.1025
    2925       1.9025
    2926       2.0455
    2927       2.2687
    2928       2.4807
    2929       2.4152
    2930       2.5717
    2931       2.6356
    2932       2.3468
    2933       2.6779
    2934       2.1621
    2935       2.3451
    2936       2.3965
    2937       2.4502
    2938       2.3861
    2939       2.6031
    2940       2.5528
    2941       2.4118
    2942       2.3380
    2943       2.0463
    2944       2.5199
    2945       2.5106
    2946       2.1114
    2947       2.3487
    2948       1.9654
    2949       1.9719
    2950       2.1378
    2951       2.0981
    2952       2.3009
    2953       2.0849
    2954       2.0364
    2955       2.1071
    2956       2.4100
    2957       2.2782
    2958       2.3448
    2959       1.9798
    2960       2.5741
    2961       2.7473
    2962       2.3231
    2963       2.1356
    2964       2.1542
    2965       2.0589
    2966       2.1378
    2967       2.0873
    2968       2.1457
    2969       2.1491
    2970       2.4391
    2971       2.3132
    2972       2.5521
    2973       2.2427
    2974       1.9641
    2975       2.1487
    2976       2.3533
    2977       2.2574
    2978       2.1426
    2979       1.8313
    2980       2.1416
    2981       2.1880
    2982       2.2936
    2983       2.1165
    2984       2.1471
    2985       2.1409
    2986       2.0798
    2987       2.4431
    2988       2.2124
    2989       2.2171
    2990       2.2756
    2991       2.0694
    2992       2.5071
    2993       2.5250
    2994       2.3586
    2995       2.3280
    2996       2.6314
    2997       2.6261
    2998       2.6101
    2999       2.5161
    3000       2.3268
    3001       2.1114
    3002       2.2236
    3003       1.9876
    3004       2.1490
    3005       2.3082
    3006       2.2985
    3007       2.3956
    3008       2.4075
    3009       2.0028
    3010       2.0923
    3011       2.2518
    3012       1.7426
    3013       2.0318
    3014       1.7858
    3015       1.8407
    3016       1.8888
    3017       2.0642
    3018       2.0452
    3019       2.1752
    3020       2.0736
    3021       2.2604
    3022       2.0649
    3023       2.0840
    3024       2.2134
    3025       1.9346
    3026       1.8103
    3027       1.8220
    3028       1.8094
    3029       2.3070
    3030       2.3209
    3031       1.9956
    3032       2.0711
    3033       2.3019
    3034       2.0015
    3035       2.1086
    3036       2.1271
    3037       2.2050
    3038       1.9433
    3039       1.9954
    3040       2.0516
    3041       2.6235
    3042       2.3690
    3043       2.3180
    3044       2.1776
    3045       2.1651
    3046       2.3167
    3047       2.0256
    3048       1.9899
    3049       1.9551
    3050       2.0127
    3051       2.2042
    3052       1.7748
    3053       1.8823
    3054       1.7657
    3055       1.8544
    3056       1.9008
    3057       1.9213
    3058       1.9715
    3059       1.9871
    3060       2.1613
    3061       2.0268
    3062       1.9288
    3063       1.9077
    3064       1.7015
    3065       1.7868
    3066       1.9444
    3067       1.8952
    3068       1.8947
    3069       1.9850
    3070       1.8690
    3071       1.8239
    3072       1.8622
    3073       2.0799
    3074       1.7335
    3075       2.2626
    3076       2.2556
    3077       2.1087
    3078       2.1674
    3079       1.9662
    3080       2.3676
    3081       2.3610
    3082       2.4947
    3083       2.1272
    3084       2.0863
    3085       2.2789
    3086       2.2387
    3087       2.0001
    3088       2.1340
    3089       2.2582
    3090       2.2478
    3091       2.4874
    3092       2.6073
    3093       2.4703
    3094       2.1589
    3095       2.4733
    3096       1.9180
    3097       2.1865
    3098       2.4816
    3099       2.6460
    3100       2.7194
    3101       2.3389
    3102       2.3101
    3103       2.2690
    3104       2.5546
    3105       2.6287
    3106       2.6482
    3107       2.3948
    3108       2.3256
    3109       2.2981
    3110       2.5363
    3111       2.4018
    3112       2.5048
    3113       2.4295
    3114       2.4498
    3115       2.3124
    3116       2.0062
    3117       2.0276
    3118       2.3984
    3119       2.0094
    3120       2.0013
    3121       2.0676
    3122       2.1403
    3123       2.3938
    3124       2.2790
    3125       1.9597
    3126       1.9597
    3127       2.1613
    3128       2.1708
    3129       2.1419
    3130       2.1845
    3131       2.5098
    3132       2.4327
    3133       2.4980
    3134       2.5023
    3135       2.3457
    3136       2.0222
    3137       1.9458
    3138       2.1709
    3139       2.3021
    3140       2.0121
    3141       2.0848
    3142       1.9743
    3143       2.2077
    3144       2.2387
    3145       2.3271
    3146       2.2864
    3147       2.2592
    3148       2.4113
    3149       2.2137
    3150       2.2784
    3151       2.2126
    3152       2.0864
    3153       2.0714
    3154       2.3716
    3155       2.3404
    3156       2.1989
    3157       2.4123
    3158       2.3033
    3159       2.3485
    3160       2.3403
    3161       2.3119
    3162       2.2270
    3163       2.3921
    3164       2.5068
    3165       2.3816
    3166       2.4235
    3167       2.5816
    3168       2.5451
    3169       3.0322
    3170       2.4752
    3171       2.6139
    3172       2.1899
    3173       2.3724
    3174       2.4721
    3175       2.0706
    3176       2.2318
    3177       2.4587
    3178       2.3550
    3179       2.3567
    3180       2.3504
    3181       2.2451
    3182       1.8618
    3183       1.9928
    3184       2.2196
    3185       2.1806
    3186       2.3348
    3187       2.3133
    3188       2.2679
    3189       2.3947
    3190       2.2542
    3191       2.2840
    3192       2.5312
    3193       2.3425
    3194       2.5257
    3195       2.7325
    3196       2.8168
    3197       2.0543
    3198       2.3574
    3199       1.9968
    3200       2.0242
    3201       2.3201
    3202       2.5298
    3203       2.1406
    3204       2.0860
    3205       2.2964
    3206       2.3906
    3207       2.2994
    3208       2.0646
    3209       1.9412
    3210       2.2604
    3211       1.8877
    3212       2.3451
    3213       2.1072
    3214       2.4416
    3215       2.3203
    3216       1.9948
    3217       2.1296
    3218       2.4143
    3219       2.3023
    3220       2.3682
    3221       2.1609
    3222       2.4966
    3223       2.3548
    3224       2.1279
    3225       2.5984
    3226       2.4965
    3227       2.3516
    3228       2.4358
    3229       2.3921
    3230       2.7396
    3231       2.3107
    3232       2.3065
    3233       2.5487
    3234       2.1741
    3235       1.8777
    3236       2.0992
    3237       2.1949
    3238       2.1242
    3239       2.0496
    3240       2.3160
    3241       2.5460
    3242       2.5107
    3243       2.2223
    3244       2.5473
    3245       1.9954
    3246       2.0802
    3247       2.0685
    3248       1.8703
    3249       2.0037
    3250       1.8902
    3251       2.0869
    3252       1.8691
    3253       2.0816
    3254       2.0038
    3255       2.0733
    3256       2.3458
    3257       2.0550
    3258       1.8942
    3259       1.9625
    3260       2.0963
    3261       1.9877
    3262       1.7757
    3263       1.8752
    3264       2.3707
    3265       2.1038
    3266       2.1427
    3267       2.0826
    3268       2.1146
    3269       1.9864
    3270       2.4117
    3271       2.3570
    3272       2.3717
    3273       2.1337
    3274       2.0685
    3275       2.1324
    3276       1.8513
    3277       1.9877
    3278       2.2048
    3279       2.0898
    3280       2.0766
    3281       2.1303
    3282       2.1176
    3283       1.9917
    3284       1.9482
    3285       1.9234
    3286       2.0819
    3287       1.9564
    3288       2.0356
    3289       1.8061
    3290       1.7643
    3291       1.7999
    3292       1.9521
    3293       1.9836
    3294       1.9860
    3295       1.8683
    3296       1.9596
    3297       1.9270
    3298       1.8172
    3299       2.0144
    3300       1.8597
    3301       2.0500
    3302       1.9216
    3303       2.1580
    3304       2.2084
    3305       1.8347
    3306       2.3025
    3307       2.4339
    3308       2.4547
    3309       2.1743
    3310       2.2624
    3311       2.0736
    3312       1.9511
    3313       1.9677
    3314       2.4362
    3315       2.1369
    3316       2.4379
    3317       2.2775
    3318       1.9754
    3319       2.2472
    3320       2.2430
    3321       2.4042
    3322       2.6982
    3323       2.6275
    3324       2.5294
    3325       2.7126
    3326       2.6625
    3327       2.3727
    3328       2.4650
    3329       2.3936
    3330       2.4870
    3331       2.5546
    3332       2.4800
    3333       2.5839
    3334       2.4114
    3335       2.1889
    3336       2.2636
    3337       2.5211
    3338       2.3096
    3339       2.7880
    3340       2.0209
    3341       2.0085
    3342       2.3009
    3343       2.4691
    3344       2.0941
    3345       2.2221
    3346       2.1535
    3347       2.2583
    3348       2.0154
    3349       1.8549
    3350       1.8878
    3351       2.0027
    3352       2.4549
    3353       2.3200
    3354       2.2860
    3355       2.8720
    3356       2.5871
    3357       2.2551
    3358       2.3869
    3359       2.5865
    3360       2.4653
    3361       2.6313
    3362       2.4613
    3363       2.1542
    3364       2.3208
    3365       2.5128
    3366       2.6762
    3367       2.1483
    3368       2.3735
    3369       2.2596
    3370       2.0574
    3371       2.1750
    3372       1.9885
    3373       2.1382
    3374       2.3456
    3375       2.0116
    3376       2.0970
    3377       2.3883
    3378       2.1880
    3379       2.2843
    3380       2.1345
    3381       2.1877
    3382       1.9321
    3383       2.1622
    3384       2.4062
    3385       2.2315
    3386       2.0394
    3387       2.3952
    3388       2.4629
    3389       2.4472
    3390       2.3941
    3391       2.3197
    3392       1.9498
    3393       2.1000
    3394       2.2887
    3395       2.1293
    3396       2.3414
    3397       2.1707
    3398       2.2545
    3399       2.3721
    3400       2.3755
    3401       2.4232
    3402       2.0763
    3403       2.3254
    3404       2.0632
    3405       1.9827
    3406       1.9096
    3407       1.9335
    3408       1.9186
    3409       1.8772
    3410       2.1096
    3411       2.0514
    3412       2.0122
    3413       1.7767
    3414       1.9291
    3415       2.3650
    3416       2.0277
    3417       2.1651
    3418       1.7880
    3419       1.7764
    3420       2.0160
    3421       1.9027
    3422       2.2621
    3423       2.4354
    3424       2.1849
    3425       2.2715
    3426       2.1052
    3427       2.2631
    3428       2.3913
    3429       2.4014
    3430       2.3681
    3431       2.3456
    3432       2.8482
    3433       2.4237
    3434       2.5328
    3435       2.1759
    3436       2.3116
    3437       2.4013
    3438       2.0135
    3439       2.2521
    3440       2.6465
    3441       2.1905
    3442       2.2944
    3443       2.1177
    3444       2.3605
    3445       2.4101
    3446       2.2286
    3447       2.1881
    3448       2.1163
    3449       2.0131
    3450       2.0349
    3451       2.0364
    3452       2.1999
    3453       1.9935
    3454       2.2972
    3455       2.0205
    3456       2.0014
    3457       2.0661
    3458       2.3777
    3459       2.1365
    3460       2.0542
    3461       2.1911
    3462       2.1619
    3463       2.3140
    3464       2.0094
    3465       2.1014
    3466       2.3450
    3467       1.9723
    3468       2.0827
    3469       2.0742
    3470       2.0054
    3471       1.9372
    3472       1.9836
    3473       2.1150
    3474       2.0398
    3475       2.1934
    3476       2.1869
    3477       2.1743
    3478       2.2929
    3479       2.2227
    3480       2.2219
    3481       2.1148
    3482       2.3621
    3483       2.4941
    3484       2.0817
    3485       1.9894
    3486       2.0983
    3487       2.0547
    3488       2.1418
    3489       2.0799
    3490       2.1462
    3491       2.2048
    3492       2.1408
    3493       1.8899
    3494       2.2009
    3495       1.9665
    3496       2.0449
    3497       2.3092
    3498       2.1551
    3499       2.0024
    3500       2.0323
    3501       2.1357
    3502       2.3683
    3503       2.0853
    3504       2.1084
    3505       1.9504
    3506       2.0361
    3507       2.0514
    3508       2.0492
    3509       2.2193
    3510       2.1236
    3511       2.1354
    3512       2.1034
    3513       2.1003
    3514       2.0876
    3515       2.0596
    3516       2.1001
    3517       2.0965
    3518       2.2014
    3519       2.1041
    3520       2.1356
    3521       2.0990
    3522       1.9810
    3523       2.0217
    3524       2.1980
    3525       2.2362
    3526       2.1983
    3527       2.0986
    3528       1.9538
    3529       2.1312
    3530       1.9898
    3531       2.3133
    3532       2.1872
    3533       2.2081
    3534       2.1566
    3535       1.9945
    3536       2.1440
    3537       2.0160
    3538       2.2073
    3539       2.3008
    3540       2.1616
    3541       2.2293
    3542       2.2371
    3543       2.0025
    3544       2.3182
    3545       2.1007
    3546       2.2546
    3547       2.5707
    3548       2.4303
    3549       2.3126
    3550       2.1074
    3551       2.2147
    3552       2.2997
    3553       2.3878
    3554       2.4456
    3555       2.4061
    3556       2.1143
    3557       2.6937
    3558       2.5452
    3559       2.6864
    3560       2.4475
    3561       2.5278
    3562       2.2513
    3563       2.1903
    3564       2.4554
    3565       2.5508
    3566       2.2388
    3567       2.3089
    3568       2.3892
    3569       2.3464
    3570       2.1760
    3571       2.2996
    3572       2.7270
    3573       2.2984
    3574       2.2984
    3575       2.4509
    3576       2.6824
    3577       2.5898
    3578       2.6697
    3579       2.2088
    3580       2.3308
    3581       2.1484
    3582       2.3313
    3583       2.2597
    3584       2.3317
    3585       2.1208
    3586       2.5016
    3587       2.6909
    3588       2.3156
    3589       2.3676
    3590       2.3522
    3591       2.1642
    3592       2.4001
    3593       2.1369
    3594       2.2847
    3595       2.0367
    3596       2.3709
    3597       2.2434
    3598       2.0900
    3599       2.0441
    3600       1.9677
    3601       2.0208
    3602       2.0478
    3603       2.2222
    3604       2.2527
    3605       2.5235
    3606       2.5537
    3607       2.3459
    3608       2.2462
    3609       2.4823
    3610       2.2765
    3611       2.4852
    3612       2.9291
    3613       2.7059
    3614       2.5064
    3615       2.5620
    3616       2.5977
    3617       2.2634
    3618       2.6441
    3619       2.5905
    3620       2.3255
    3621       2.1531
    3622       2.4344
    3623       2.4235
    3624       2.1086
    3625       2.0106
    3626       1.9180
    3627       1.9637
    3628       1.9635
    3629       2.1957
    3630       2.0197
    3631       2.0351
    3632       1.9732
    3633       2.3336
    3634       2.1233
    3635       2.1401
    3636       2.3683
    3637       2.4488
    3638       2.2495
    3639       2.1688
    3640       2.1389
    3641       2.1514
    3642       2.3202
    3643       2.1780
    3644       2.1230
    3645       1.9670
    3646       2.2874
    3647       2.2460
    3648       2.0262
    3649       2.3287
    3650       2.4889
    3651       2.1364
    3652       2.0026
    3653       1.8934
    3654       2.0434
    3655       2.2447
    3656       2.2926
    3657       2.1790
    3658       2.0890
    3659       1.8571
    3660       1.8483
    3661       1.8640
    3662       2.1731
    3663       1.8944
    3664       2.0303
    3665       2.0226
    3666       2.0912
    3667       2.2662
    3668       2.6688
    3669       2.5909
    3670       2.3717
    3671       2.2940
    3672       2.5457
    3673       2.6035
    3674       2.2996
    3675       2.3144
    3676       2.1029
    3677       2.4860
    3678       2.2144
    3679       2.1361
    3680       2.0093
    3681       2.3623
    3682       2.1417
    3683       2.5679
    3684       2.3051
    3685       2.2061
    3686       2.1945
    3687       2.3487
    3688       2.2590
    3689       2.2723
    3690       2.3430
    3691       2.3312
    3692       2.1916
    3693       2.0990
    3694       2.1640
    3695       2.5723
    3696       2.3908
    3697       2.4854
    3698       2.6925
    3699       2.3524
    3700       2.3853
    3701       2.6117
    3702       2.4800
    3703       2.4438
    3704       2.3731
    3705       2.2094
    3706       2.1808
    3707       2.0280
    3708       2.0607
    3709       2.4707
    3710       2.3677
    3711       2.4453
    3712       2.2748
    3713       2.3532
    3714       2.4978
    3715       2.9313
    3716       2.5689
    3717       1.8771
    3718       2.0364
    3719       2.1022
    3720       2.1175
    3721       2.5761
    3722       2.2733
    3723       2.0035
    3724       2.0667
    3725       2.0579
    3726       2.2229
    3727       1.9752
    3728       1.8882
    3729       1.9250
    3730       2.0454
    3731       2.3623
    3732       2.1347
    3733       2.3671
    3734       2.3305
    3735       2.1879
    3736       2.5802
    3737       2.1345
    3738       2.1699
    3739       1.9534
    3740       2.3403
    3741       2.1923
    3742       1.9672
    3743       2.1257
    3744       2.4275
    3745       2.3767
    3746       2.4350
    3747       2.4211
    3748       2.7558
    3749       2.2570
    3750       2.2849
    3751       2.5976
    3752       2.4613
    3753       2.2395
    3754       2.3542
    3755       2.1878
    3756       1.9958
    3757       1.8891
    3758       2.0620
    3759       2.1798
    3760       2.1328
    3761       2.3200
    3762       2.1269
    3763       2.1454
    3764       2.1299
    3765       2.1201
    3766       2.0498
    3767       2.1348
    3768       2.2051
    3769       1.9954
    3770       2.0302
    3771       2.0956
    3772       1.9688
    3773       2.1007
    3774       1.8817
    3775       1.9728
    3776       2.2071
    3777       2.4612
    3778       2.3918
    3779       2.1266
    3780       2.1803
    3781       2.4721
    3782       2.3685
    3783       2.2543
    3784       2.3027
    3785       2.2304
    3786       2.3517
    3787       2.2544
    3788       2.0996
    3789       2.1694
    3790       2.1429
    3791       2.1387
    3792       2.1533
    3793       2.1198
    3794       2.1708
    3795       1.8782
    3796       2.0995
    3797       1.8992
    3798       2.0311
    3799       2.0504
    3800       1.9189
    3801       2.0476
    3802       2.1883
    3803       2.0062
    3804       2.0251
    3805       2.1486
    3806       2.2914
    3807       2.3897
    3808       2.1779
    3809       2.3245
    3810       2.0858
    3811       2.1877
    3812       2.3064
    3813       2.5078
    3814       1.9236
    3815       2.0906
    3816       1.8551
    3817       2.1510
    3818       2.3477
    3819       2.0336
    3820       2.0803
    3821       2.0388
    3822       2.1483
    3823       2.0136
    3824       2.0157
    3825       2.1743
    3826       2.2346
    3827       2.3104
    3828       2.0127
    3829       2.0534
    3830       2.3032
    3831       2.1448
    3832       2.5592
    3833       2.0427
    3834       2.0603
    3835       2.0423
    3836       2.4229
    3837       2.1542
    3838       2.0015
    3839       2.3935
    3840       2.3289
    3841       2.1827
    3842       2.3516
    3843       2.4519
    3844       2.4296
    3845       2.2990
    3846       2.5845
    3847       2.3782
    3848       2.4367
    3849       2.4238
    3850       2.4102
    3851       2.5957
    3852       2.3643
    3853       2.0991
    3854       2.4053
    3855       2.2123
    3856       2.3582
    3857       2.4281
    3858       2.2914
    3859       2.2036
    3860       2.3052
    3861       2.3027
    3862       2.2090
    3863       2.3292
    3864       2.2591
    3865       1.8669
    3866       2.0622
    3867       2.1787
    3868       2.0110
    3869       2.0643
    3870       1.9244
    3871       2.3446
    3872       2.1992
    3873       1.9538
    3874       1.9811
    3875       1.9829
    3876       2.0546
    3877       2.1140
    3878       2.2475
    3879       2.2086
    3880       1.9852
    3881       2.0521
    3882       2.1035
    3883       2.1195
    3884       2.0053
    3885       2.2445
    3886       2.2670
    3887       2.1180
    3888       2.2014
    3889       2.5265
    3890       2.4593
    3891       2.1265
    3892       2.1521
    3893       1.9977
    3894       2.0721
    3895       2.0277
    3896       1.9692
    3897       1.9053
    3898       2.1971
    3899       1.9648
    3900       2.4481
    3901       1.8510
    3902       1.9713
    3903       2.0010
    3904       2.0029
    3905       2.2536
    3906       2.1456
    3907       2.0068
    3908       2.0723
    3909       2.1323
    3910       1.9804
    3911       2.1173
    3912       2.2608
    3913       2.0552
    3914       2.0712
    3915       2.1803
    3916       1.9698
    3917       2.2617
    3918       2.1785
    3919       2.0706
    3920       2.1932
    3921       2.2027
    3922       2.1954
    3923       2.4252
    3924       2.1582
    3925       2.3271
    3926       2.4260
    3927       2.2754
    3928       2.4048
    3929       2.4527
    3930       2.6453
    3931       2.7899
    3932       2.4011
    3933       2.1279
    3934       2.0756
    3935       2.2577
    3936       2.1263
    3937       2.2906
    3938       2.3747
    3939       2.3953
    3940       2.3490
    3941       2.2109
    3942       2.0511
    3943       2.0114
    3944       2.2508
    3945       2.3132
    3946       2.2310
    3947       2.0388
    3948       2.0667
    3949       2.1596
    3950       2.0634
    3951       2.0876
    3952       2.2798
    3953       2.3008
    3954       2.0400
    3955       2.0448
    3956       2.2829
    3957       2.1259
    3958       2.3065
    3959       2.4457
    3960       2.0652
    3961       2.1918
    3962       1.9159
    3963       2.0854
    3964       2.3775
    3965       2.4551
    3966       2.6022
    3967       2.4019
    3968       2.3164
    3969       2.0776
    3970       2.1316
    3971       1.9109
    3972       1.8463
    3973       1.9085
    3974       2.0282
    3975       2.3553
    3976       2.3089
    3977       2.2785
    3978       2.2956
    3979       2.2414
    3980       2.3596
    3981       2.1789
    3982       2.2452
    3983       2.3327
    3984       1.9578
    3985       1.8750
    3986       2.0266
    3987       2.0368
    3988       2.2102
    3989       2.1294
    3990       2.2249
    3991       1.9898
    3992       2.2528
    3993       2.0879
    3994       1.8903
    3995       1.8068
    3996       1.9047
    3997       1.9296
    3998       2.1657
    3999       1.9768
    4000       2.2102
