#Residue RMSD_00001[Avg] RMSD_00001[Stdev]
   1.000          6.4750            2.0909
   2.000          5.2770            1.6305
   3.000          3.0467            0.8829
   4.000          5.4244            1.9123
   5.000          3.8624            1.1580
   6.000          3.9344            1.6616
   7.000          4.4106            1.2986
   8.000          3.0839            1.2591
   9.000          3.2010            0.9909
  10.000          3.3216            1.2130
  11.000          3.1770            1.0753
  12.000          3.7416            0.9872
  13.000          3.5870            1.2615
  14.000          2.1184            0.8403
  15.000          3.4956            1.3011
  16.000          2.5001            0.7880
  17.000          2.0732            0.3384
  18.000          1.9949            0.5283
  19.000          1.5376            0.4658
  20.000          1.8744            0.4264
  21.000          1.3956            0.3891
  22.000          1.8154            0.5981
  23.000          4.0502            1.2754
  24.000          1.6727            0.3874
  25.000          1.3720            0.2985
  26.000          1.6470            0.4406
  27.000          2.3629            0.6075
  28.000          1.3983            0.3976
  29.000          1.9832            0.6546
  30.000          2.3934            0.4987
  31.000          2.7520            0.5761
  32.000          2.2480            0.5721
  33.000          3.5666            0.8055
  34.000          2.6086            0.6936
  35.000          2.5712            0.6678
  36.000          2.0887            0.4629
  37.000          1.2290            0.2383
  38.000          1.1059            0.2585
  39.000          1.6911            0.2072
  40.000          1.3763            0.4359
  41.000          1.6663            0.6661
  42.000          2.5924            0.7002
  43.000          1.8517            0.8722
  44.000          3.0062            0.8553
  45.000          1.6351            0.6241
  46.000          2.8169            0.6592
  47.000          1.7626            0.5042
  48.000          1.6880            0.5140
  49.000          4.2374            1.3449
  50.000          2.7972            0.6189
  51.000          1.6424            0.4145
  52.000          1.8082            0.5246
  53.000          3.1416            0.9313
  54.000          1.6600            0.4415
  55.000          2.0987            0.6589
  56.000          2.0735            0.4690
  57.000          3.2419            0.8845
  58.000          2.7019            0.6664
  59.000          1.8327            0.3948
  60.000          1.0272            0.2615
  61.000          1.1879            0.3455
  62.000          1.5617            0.4873
  63.000          1.4554            0.5047
  64.000          1.6698            0.5623
  65.000          1.7961            0.7218
  66.000          3.0108            1.0167
  67.000          2.8951            0.6882
  68.000          1.8512            0.6480
  69.000          3.6944            1.4710
  70.000          3.6955            1.3282
  71.000          2.4460            0.7646
  72.000          2.0099            0.5744
  73.000          2.8292            0.9037
  74.000          4.5179            1.5469
  75.000          2.4702            0.6715
  76.000          2.7197            0.9837
  77.000          3.1029            0.8691
  78.000          3.1161            1.0204
  79.000          3.0362            0.9574
  80.000          2.6807            0.7487
  81.000          3.0238            0.7128
  82.000          2.9372            0.7842
  83.000          3.9124            1.2762
  84.000          2.0974            0.5590
  85.000          1.8063            0.5614
  86.000          1.6603            0.4379
  87.000          1.7000            0.4562
  88.000          1.4442            0.5796
  89.000          1.2880            0.5580
  90.000          2.4478            0.6715
  91.000          2.3485            0.4660
  92.000          2.9191            1.1545
  93.000          2.6114            0.9113
  94.000          2.7720            0.7220
  95.000          1.8891            0.6832
  96.000          2.2525            0.4548
  97.000          1.6827            0.7498
  98.000          2.1499            0.7686
  99.000          2.1038            0.6010
 100.000          1.7952            0.6245
 101.000          1.5877            0.3466
 102.000          2.3687            0.3967
 103.000          1.2509            0.3047
 104.000          1.0946            0.2402
 105.000          0.7972            0.2198
 106.000          2.3449            0.4351
 107.000          0.9789            0.3286
 108.000          1.4519            0.4015
 109.000          0.9006            0.3379
 110.000          1.0982            0.3991
 111.000          1.5146            0.4810
 112.000          1.5682            0.5220
 113.000          1.4832            0.6220
 114.000          1.4820            0.4519
 115.000          2.4245            0.4257
 116.000          1.6424            0.5602
 117.000          2.8862            0.8751
 118.000          2.2473            0.5814
 119.000          1.5147            0.4894
 120.000          1.4572            0.4603
 121.000          1.0594            0.2478
 122.000          1.5647            0.3805
 123.000          1.4973            0.6366
 124.000          1.2732            0.3522
 125.000          1.2855            0.3890
 126.000          2.6129            0.5224
 127.000          1.3005            0.3464
 128.000          1.5343            0.4910
 129.000          1.8840            0.7617
 130.000          1.5056            0.5490
 131.000          1.8529            0.7947
 132.000          1.0812            0.4213
 133.000          0.8896            0.4812
 134.000          1.1991            0.2807
 135.000          1.8801            0.5434
 136.000          0.9580            0.2635
 137.000          1.1694            0.2658
 138.000          2.5932            0.3985
 139.000          1.5548            0.5138
 140.000          1.5890            0.4119
 141.000          2.2570            0.4790
 142.000          2.1635            0.4320
 143.000          2.5043            0.4556
 144.000          1.1519            0.2766
 145.000          0.6760            0.1983
 146.000          1.0087            0.2578
 147.000          1.0493            0.2666
 148.000          1.0405            0.3260
 149.000          2.4364            0.7301
 150.000          3.1680            0.7301
 151.000          1.5981            0.3610
 152.000          1.3376            0.3379
 153.000          2.7110            0.7133
 154.000          2.5169            0.6428
 155.000          2.2649            0.3712
 156.000          3.6318            0.6265
 157.000          2.8212            0.7997
 158.000          3.1243            0.7292
 159.000          3.2181            0.9408
 160.000          5.0726            1.5912
 161.000          4.7547            1.3159
 162.000          2.7229            0.8867
 163.000          6.0874            1.4688
 164.000          7.8877            2.5616
 165.000          5.6564            1.8371
 166.000          7.9667            2.3727
 167.000          9.7963            2.5859
 168.000         11.2935            3.3135
 169.000          8.9150            2.5199
 170.000          8.1750            2.4537
 171.000          5.9094            2.1964
 172.000          8.9348            2.9562
 173.000          6.7947            2.1008
 174.000          4.9030            2.3073
 175.000          4.1451            1.6218
 176.000          7.9718            2.7970
 177.000          4.3178            1.4593
 178.000          3.7840            1.2740
 179.000          3.5394            1.2328
 180.000          3.9634            1.1254
 181.000          1.7125            0.4645
 182.000          2.4405            0.4731
 183.000          2.1239            0.5416
 184.000          1.7856            0.5435
 185.000          3.1118            0.7298
 186.000          2.6935            0.6674
 187.000          1.3791            0.3885
 188.000          1.5985            0.3125
 189.000          1.4945            0.3785
 190.000          1.7777            0.7124
 191.000          2.0854            0.6489
 192.000          1.6480            0.4628
 193.000          2.3181            0.6415
 194.000          3.0685            0.4644
 195.000          2.8527            1.3024
 196.000          1.6012            0.3548
 197.000          1.1997            0.3192
 198.000          1.2380            0.2884
 199.000          1.0888            0.3060
 200.000          2.4747            0.6466
 201.000          1.1619            0.3614
 202.000          1.8549            0.5980
 203.000          2.4857            0.4846
 204.000          1.8817            0.7080
 205.000          1.9619            0.4911
 206.000          2.1996            0.5876
 207.000          1.2234            0.3318
 208.000          1.4931            0.4640
 209.000          2.0986            0.6959
 210.000          1.8504            0.6265
 211.000          1.2673            0.3490
 212.000          2.6924            0.7686
 213.000          2.0224            0.2883
 214.000          1.2438            0.4488
 215.000          1.5899            0.5850
 216.000          1.9323            0.5184
 217.000          3.5044            1.0415
 218.000          2.1878            1.0834
 219.000          1.5412            0.3551
 220.000          1.4106            0.4422
 221.000          1.6083            0.4175
 222.000          1.2815            0.4333
 223.000          0.8638            0.2855
 224.000          2.3044            0.5533
 225.000          0.9003            0.2566
 226.000          3.3921            1.0045
 227.000          1.2422            0.3346
 228.000          1.5989            0.6344
 229.000          2.4134            0.9484
 230.000          1.0214            0.3954
 231.000          0.9106            0.3172
 232.000          1.3418            0.4113
 233.000          1.6755            0.2952
 234.000          0.9162            0.2321
 235.000          0.8636            0.2664
 236.000          1.5207            0.4394
 237.000          1.3307            0.2917
 238.000          1.0724            0.3015
 239.000          1.0913            0.3149
 240.000          1.2396            0.3337
 241.000          1.3916            0.4017
 242.000          1.8928            0.5521
 243.000          1.1821            0.2854
 244.000          2.1894            0.3870
 245.000          1.5457            0.3267
 246.000          1.2844            0.4218
 247.000          1.8719            0.5115
 248.000          2.6387            0.5572
 249.000          2.1193            0.4606
 250.000          1.5912            0.5608
 251.000          1.3422            0.4148
 252.000          4.7966            0.8079
 253.000          1.9503            0.5285
 254.000          1.5672            0.4250
 255.000          1.5254            0.2712
 256.000          1.5179            0.3175
 257.000          1.5790            0.4696
 258.000          2.0109            0.6928
 259.000          1.7062            0.5197
 260.000          1.8712            0.7462
 261.000          2.6532            0.7070
 262.000          2.3026            0.5737
 263.000          1.8112            0.4694
 264.000          1.8713            0.4349
 265.000          2.4054            0.5488
 266.000          0.9702            0.2732
 267.000          1.5801            0.4683
 268.000          1.6766            0.9340
 269.000          0.9696            0.3184
 270.000          1.3626            0.3429
 271.000          2.1581            0.5711
 272.000          2.4551            0.7740
 273.000          1.2408            0.3887
 274.000          0.9865            0.3035
 275.000          1.8973            0.4370
 276.000          1.5524            0.8097
 277.000          1.1195            0.3263
 278.000          2.1141            0.6876
 279.000          1.3259            0.3737
 280.000          1.5004            0.5337
 281.000          1.4527            0.3378
 282.000          1.5685            0.5796
 283.000          2.0481            0.3078
 284.000          1.3791            0.3659
 285.000          0.7187            0.2782
 286.000          1.2183            0.4773
 287.000          1.0298            0.3864
 288.000          1.3403            0.4587
 289.000          1.6666            0.4150
 290.000          1.8898            0.3834
 291.000          1.4410            0.4094
 292.000          1.2414            0.4228
 293.000          3.1409            0.8992
 294.000          1.6774            0.4748
 295.000          2.8507            0.6651
 296.000          1.1630            0.3498
 297.000          1.1344            0.3266
 298.000          1.2523            0.3730
 299.000          1.4078            0.3019
 300.000          1.6720            0.2547
 301.000          1.5867            0.6084
 302.000          2.2444            0.5064
 303.000          1.1770            0.2973
 304.000          2.0336            0.5667
 305.000          1.4393            0.3710
 306.000          2.0471            0.7439
 307.000          1.8102            0.5727
 308.000          2.6596            1.0654
 309.000          2.2635            1.1159
 310.000          1.9974            0.6722
 311.000          3.0771            0.8006
 312.000          0.8384            0.3157
 313.000          1.2715            0.3786
 314.000          0.8915            0.2704
 315.000          2.5043            0.3741
 316.000          1.2952            0.2520
 317.000          1.3276            0.3164
 318.000          1.3519            0.2845
 319.000          1.6795            0.4267
 320.000          3.9543            0.8703
 321.000          2.0412            0.4772
 322.000          1.7156            0.5355
 323.000          4.0036            1.1221
 324.000          1.5212            0.5049
 325.000          5.7325            1.4769
 326.000          5.6093            1.4688
