#Frame     RMSD_00001
       1       0.0000
       2       1.3284
       3       1.2337
       4       1.4719
       5       1.5833
       6       1.6371
       7       1.8629
       8       1.9041
       9       1.8768
      10       1.6989
      11       1.4239
      12       1.5833
      13       1.6165
      14       1.8164
      15       1.6577
      16       1.6261
      17       1.7879
      18       1.6345
      19       1.6879
      20       1.6035
      21       1.6112
      22       1.7329
      23       1.5954
      24       1.7621
      25       1.7360
      26       1.8099
      27       1.7604
      28       1.6968
      29       1.7746
      30       1.7711
      31       2.0869
      32       2.1293
      33       1.9909
      34       2.2253
      35       2.0251
      36       2.2486
      37       2.3425
      38       2.3858
      39       2.1075
      40       2.6188
      41       2.2083
      42       2.2555
      43       2.1606
      44       2.3741
      45       2.4416
      46       2.2899
      47       2.3508
      48       2.3215
      49       2.3256
      50       2.3032
      51       2.5322
      52       2.4684
      53       2.5306
      54       2.4857
      55       2.3409
      56       1.9822
      57       1.9848
      58       2.2571
      59       2.0989
      60       1.9972
      61       2.2087
      62       2.1373
      63       2.0840
      64       2.3367
      65       2.1921
      66       2.1096
      67       1.8573
      68       2.1287
      69       1.9900
      70       1.9852
      71       1.9603
      72       1.9805
      73       2.1077
      74       1.9183
      75       2.0901
      76       1.9375
      77       2.0162
      78       2.1364
      79       1.9946
      80       1.8504
      81       2.0827
      82       1.9487
      83       2.0930
      84       1.9784
      85       2.2204
      86       2.0888
      87       2.2381
      88       2.1050
      89       2.1886
      90       2.1091
      91       2.2702
      92       2.0431
      93       2.3058
      94       2.2063
      95       2.1144
      96       2.2788
      97       2.1660
      98       2.2100
      99       2.1654
     100       2.2133
     101       2.1823
     102       1.9640
     103       2.0508
     104       2.1016
     105       1.9808
     106       1.9490
     107       1.9574
     108       1.9040
     109       1.9652
     110       2.0000
     111       2.0085
     112       2.0856
     113       1.9329
     114       2.0620
     115       2.2538
     116       2.0000
     117       1.9857
     118       2.1126
     119       1.9860
     120       2.1648
     121       2.0821
     122       2.1219
     123       2.4297
     124       2.1828
     125       2.0963
     126       2.1620
     127       2.0886
     128       2.0876
     129       2.3149
     130       2.1873
     131       1.9011
     132       2.0465
     133       2.1766
     134       2.0514
     135       1.9121
     136       1.8725
     137       1.9286
     138       1.9091
     139       1.9544
     140       1.9281
     141       1.9600
     142       2.0197
     143       1.9446
     144       1.8322
     145       1.8941
     146       1.7853
     147       1.9116
     148       1.8770
     149       1.9829
     150       1.9758
     151       1.9100
     152       1.9509
     153       2.0120
     154       1.9940
     155       2.1450
     156       2.0785
     157       2.0478
     158       2.1491
     159       1.9536
     160       2.1267
     161       2.0028
     162       2.1229
     163       2.1048
     164       2.0689
     165       2.2111
     166       2.1110
     167       2.0579
     168       1.9621
     169       2.0297
     170       2.0199
     171       2.2767
     172       2.0208
     173       2.0953
     174       2.0201
     175       1.8508
     176       1.7335
     177       1.9531
     178       1.8824
     179       1.6680
     180       1.8191
     181       1.8704
     182       1.9885
     183       1.9531
     184       1.9898
     185       1.8642
     186       1.8202
     187       1.8975
     188       2.0284
     189       1.8379
     190       1.9887
     191       2.1072
     192       1.8704
     193       2.3109
     194       1.9038
     195       2.3124
     196       2.0240
     197       2.0337
     198       1.9721
     199       1.9769
     200       2.0276
     201       1.8496
     202       2.0864
     203       1.9468
     204       2.0228
     205       2.2501
     206       2.2738
     207       2.2607
     208       1.9956
     209       2.1570
     210       2.2907
     211       2.5360
     212       2.5155
     213       2.5855
     214       2.4618
     215       2.2676
     216       2.4627
     217       2.2758
     218       2.2212
     219       2.2868
     220       2.2683
     221       2.0662
     222       2.2122
     223       2.3239
     224       2.5521
     225       2.7370
     226       2.7173
     227       2.5320
     228       2.4818
     229       2.5897
     230       2.2891
     231       2.3245
     232       2.1328
     233       2.4655
     234       2.3452
     235       2.4089
     236       2.0693
     237       2.0548
     238       2.0496
     239       2.2040
     240       2.0696
     241       2.3233
     242       2.4837
     243       2.4302
     244       2.1639
     245       2.2673
     246       2.3823
     247       2.3358
     248       2.0986
     249       2.2952
     250       2.2006
     251       2.1351
     252       2.2829
     253       2.3100
     254       2.3552
     255       2.4539
     256       2.4270
     257       2.6311
     258       2.6969
     259       2.4067
     260       2.2200
     261       2.2291
     262       2.1360
     263       2.2038
     264       2.3189
     265       2.2492
     266       2.2763
     267       2.2174
     268       2.2712
     269       2.1637
     270       2.2923
     271       2.1629
     272       2.1992
     273       2.3682
     274       2.3758
     275       2.2922
     276       2.2902
     277       2.2414
     278       2.4081
     279       2.1879
     280       2.2840
     281       2.1988
     282       2.0439
     283       2.3982
     284       2.2723
     285       2.1452
     286       2.2516
     287       2.3886
     288       2.2111
     289       2.2463
     290       2.3873
     291       2.1766
     292       2.4088
     293       2.4691
     294       2.4994
     295       2.5883
     296       2.5716
     297       2.6971
     298       2.9400
     299       2.7931
     300       2.4946
     301       3.0686
     302       2.5412
     303       2.4934
     304       2.3120
     305       2.5920
     306       2.4238
     307       2.3287
     308       2.5405
     309       2.4948
     310       2.1898
     311       2.3718
     312       2.6536
     313       2.7134
     314       2.6488
     315       2.4916
     316       2.7585
     317       2.4311
     318       3.0489
     319       2.6526
     320       2.3625
     321       2.3737
     322       2.4443
     323       2.3160
     324       2.2384
     325       2.4478
     326       2.3775
     327       2.7289
     328       2.6175
     329       2.4091
     330       2.2049
     331       2.3170
     332       2.4087
     333       2.2828
     334       2.4351
     335       2.4180
     336       2.3223
     337       2.3646
     338       2.6444
     339       2.9315
     340       2.8611
     341       2.8141
     342       3.0026
     343       2.9879
     344       2.7762
     345       2.6158
     346       2.6135
     347       2.2806
     348       2.4813
     349       2.4442
     350       2.6885
     351       2.5070
     352       2.3521
     353       2.5440
     354       2.5929
     355       2.4405
     356       2.4681
     357       2.5292
     358       2.1589
     359       2.2407
     360       2.2940
     361       2.3088
     362       2.3408
     363       2.4466
     364       2.2548
     365       2.2082
     366       2.4122
     367       2.4366
     368       2.3269
     369       2.1716
     370       2.3869
     371       2.2791
     372       2.3464
     373       2.8225
     374       2.8071
     375       2.7450
     376       3.0532
     377       2.8187
     378       2.5715
     379       2.7591
     380       2.5432
     381       2.5069
     382       2.6665
     383       2.6982
     384       2.9694
     385       2.5069
     386       3.0803
     387       2.7048
     388       2.6398
     389       2.7252
     390       2.6355
     391       3.0129
     392       2.6412
     393       2.3431
     394       2.7776
     395       2.8263
     396       3.0370
     397       2.4951
     398       2.4943
     399       2.4039
     400       2.3198
     401       2.3878
     402       2.1993
     403       2.2867
     404       2.6498
     405       2.6659
     406       2.7733
     407       2.5126
     408       2.5049
     409       2.5474
     410       2.2931
     411       2.2755
     412       2.2458
     413       2.2236
     414       2.6515
     415       2.5886
     416       2.7637
     417       2.8580
     418       2.5891
     419       2.7110
     420       2.4919
     421       2.1219
     422       2.2270
     423       2.4833
     424       2.4425
     425       2.2475
     426       2.1234
     427       2.1674
     428       2.2475
     429       2.1954
     430       2.1046
     431       2.2424
     432       2.2792
     433       2.4027
     434       2.1300
     435       2.4068
     436       2.7064
     437       2.5124
     438       1.9962
     439       2.1395
     440       2.1236
     441       2.1226
     442       2.1922
     443       1.9975
     444       2.3964
     445       2.2310
     446       2.2153
     447       2.3590
     448       2.4464
     449       2.3269
     450       2.4894
     451       2.3274
     452       2.2829
     453       2.2500
     454       2.3971
     455       2.1759
     456       2.1717
     457       2.0672
     458       2.1031
     459       2.1445
     460       2.2056
     461       2.2035
     462       2.3673
     463       2.2200
     464       2.1872
     465       2.6008
     466       2.5457
     467       2.4715
     468       2.7111
     469       2.8321
     470       2.4338
     471       2.6231
     472       2.4269
     473       2.4502
     474       2.4262
     475       2.4847
     476       2.2877
     477       2.1487
     478       2.3585
     479       2.1984
     480       2.2780
     481       2.2745
     482       2.0968
     483       2.3771
     484       2.3427
     485       2.3490
     486       2.2281
     487       2.3065
     488       2.0917
     489       2.1902
     490       2.2897
     491       2.5147
     492       2.1198
     493       2.4531
     494       2.5879
     495       2.4951
     496       2.5665
     497       2.4056
     498       2.4905
     499       2.4083
     500       2.5306
     501       2.7905
     502       2.8878
     503       2.7232
     504       2.8874
     505       2.7901
     506       2.5875
     507       2.6811
     508       2.5830
     509       2.7661
     510       2.6675
     511       2.7833
     512       2.5961
     513       2.7839
     514       2.5460
     515       2.9699
     516       2.6898
     517       2.8133
     518       2.7718
     519       2.7500
     520       2.6220
     521       2.5682
     522       2.8284
     523       2.7953
     524       2.6653
     525       3.0283
     526       2.4809
     527       2.5627
     528       2.5233
     529       2.4343
     530       2.5426
     531       2.8125
     532       2.7821
     533       2.8449
     534       2.7891
     535       2.8911
     536       2.8682
     537       3.1191
     538       2.9253
     539       2.8557
     540       2.9458
     541       2.8926
     542       2.9438
     543       2.9536
     544       2.8627
     545       2.6370
     546       2.3280
     547       2.3475
     548       2.7397
     549       3.0129
     550       3.1075
     551       3.0656
     552       2.7627
     553       2.8341
     554       2.8343
     555       2.5404
     556       2.5524
     557       2.3846
     558       2.7998
     559       3.0141
     560       2.8939
     561       2.9724
     562       3.0212
     563       2.8984
     564       2.9133
     565       3.1480
     566       3.1044
     567       2.9762
     568       2.8918
     569       2.8712
     570       3.1073
     571       2.8758
     572       2.8749
     573       2.7864
     574       2.5785
     575       2.7747
     576       2.8308
     577       2.7450
     578       2.7242
     579       3.1180
     580       2.8746
     581       2.6354
     582       2.5125
     583       2.7183
     584       2.8061
     585       2.6451
     586       2.5268
     587       2.4501
     588       2.5684
     589       2.5810
     590       2.5834
     591       2.6647
     592       2.7846
     593       2.8469
     594       2.7933
     595       2.8389
     596       2.9429
     597       2.8061
     598       2.7006
     599       2.8484
     600       2.6566
     601       2.9165
     602       2.8137
     603       3.1261
     604       2.6530
     605       2.6655
     606       2.7042
     607       2.8236
     608       2.6224
     609       2.7855
     610       2.6421
     611       2.5821
     612       2.6688
     613       2.5867
     614       2.6663
     615       2.7027
     616       2.5189
     617       2.6076
     618       2.5790
     619       2.8782
     620       2.9284
     621       2.7205
     622       2.7442
     623       2.7264
     624       2.6293
     625       2.5610
     626       2.6520
     627       2.6336
     628       2.4357
     629       2.5132
     630       2.6489
     631       2.6049
     632       2.5128
     633       2.5895
     634       2.5139
     635       2.4927
     636       2.5222
     637       2.5883
     638       2.5429
     639       2.5097
     640       2.5168
     641       2.6534
     642       2.6831
     643       2.6137
     644       2.6461
     645       2.7312
     646       2.7813
     647       2.8215
     648       2.7378
     649       2.5493
     650       2.8586
     651       2.7416
     652       2.8328
     653       2.8489
     654       2.7959
     655       2.7811
     656       2.5921
     657       2.4073
     658       2.6524
     659       2.8839
     660       2.8716
     661       2.6308
     662       2.8081
     663       2.5881
     664       2.6731
     665       2.4393
     666       2.6348
     667       2.9149
     668       2.8889
     669       2.8492
     670       2.7063
     671       2.5925
     672       2.8869
     673       2.7007
     674       2.5783
     675       2.6321
     676       2.7947
     677       2.9450
     678       2.8762
     679       2.5846
     680       2.7297
     681       2.6842
     682       2.9557
     683       2.8707
     684       2.9095
     685       2.8619
     686       2.8662
     687       2.8655
     688       2.9021
     689       2.8905
     690       2.8669
     691       2.7916
     692       3.0158
     693       2.9667
     694       3.1013
     695       2.8438
     696       2.9999
     697       3.1737
     698       3.2636
     699       3.4825
     700       3.2820
     701       3.2272
     702       3.1430
     703       3.2528
     704       3.1271
     705       3.2687
     706       3.0392
     707       2.9925
     708       3.1125
     709       2.9446
     710       3.1174
     711       3.2294
     712       3.3331
     713       3.6143
     714       3.4136
     715       3.4643
     716       3.3086
     717       3.0963
     718       3.0398
     719       3.0812
     720       3.1584
     721       3.1378
     722       3.0339
     723       3.1659
     724       3.0255
     725       2.8729
     726       3.2611
     727       2.8988
     728       2.7156
     729       2.5119
     730       2.6672
     731       2.5672
     732       2.8971
     733       2.6697
     734       2.5210
     735       2.9193
     736       2.8883
     737       3.0957
     738       2.6706
     739       2.7912
     740       2.7658
     741       2.7696
     742       2.9714
     743       3.0321
     744       3.0124
     745       2.9468
     746       3.0104
     747       2.8676
     748       2.9980
     749       2.9779
     750       3.0335
     751       3.1430
     752       3.1465
     753       3.0085
     754       2.8900
     755       2.8840
     756       2.9444
     757       2.8762
     758       2.5025
     759       2.4401
     760       2.4435
     761       2.2103
     762       2.2055
     763       2.1382
     764       2.3768
     765       2.2753
     766       2.2732
     767       2.4661
     768       2.0981
     769       2.2906
     770       2.2985
     771       2.3226
     772       2.1596
     773       2.2943
     774       2.3074
     775       2.3430
     776       2.2832
     777       2.3583
     778       2.5683
     779       2.2360
     780       2.2344
     781       2.3262
     782       2.3303
     783       2.1275
     784       2.1435
     785       2.1254
     786       2.0333
     787       2.1263
     788       2.1891
     789       2.3629
     790       2.1645
     791       2.1597
     792       2.1297
     793       2.1176
     794       2.3094
     795       2.1875
     796       2.1888
     797       2.2097
     798       2.4262
     799       2.4080
     800       2.1267
     801       2.1621
     802       2.1813
     803       2.1233
     804       2.1736
     805       2.2311
     806       2.3459
     807       2.2314
     808       2.2955
     809       2.6228
     810       2.5163
     811       2.2629
     812       2.5023
     813       2.5334
     814       2.6576
     815       2.4970
     816       2.5459
     817       2.4136
     818       2.4196
     819       2.6091
     820       2.5522
     821       2.7079
     822       2.5863
     823       2.5658
     824       2.6422
     825       2.4342
     826       2.4957
     827       2.5992
     828       2.4922
     829       2.3722
     830       2.3395
     831       2.2996
     832       2.2280
     833       2.1818
     834       2.3289
     835       2.3939
     836       2.4247
     837       2.4106
     838       2.7045
     839       2.5597
     840       2.5915
     841       2.6193
     842       2.4781
     843       2.6528
     844       2.5589
     845       2.4541
     846       2.4699
     847       2.4970
     848       2.4917
     849       2.5757
     850       2.7153
     851       2.6659
     852       2.7396
     853       2.6378
     854       2.3368
     855       2.4286
     856       2.3744
     857       2.3689
     858       2.8303
     859       2.3683
     860       2.4191
     861       2.3446
     862       2.4291
     863       2.4410
     864       2.4427
     865       2.5813
     866       2.4352
     867       2.3336
     868       2.3032
     869       2.3910
     870       2.3979
     871       2.3379
     872       2.2950
     873       2.2037
     874       2.2431
     875       2.2473
     876       2.2910
     877       2.2237
     878       2.2321
     879       2.2240
     880       2.4899
     881       2.3205
     882       2.2316
     883       2.5284
     884       2.4734
     885       2.3432
     886       2.4519
     887       2.4463
     888       2.3353
     889       2.5046
     890       2.4758
     891       2.3970
     892       2.4454
     893       2.3882
     894       2.3240
     895       2.2882
     896       2.3395
     897       2.2816
     898       2.4871
     899       2.5074
     900       2.4586
     901       2.4739
     902       2.3468
     903       2.4901
     904       2.4880
     905       2.5424
     906       2.4144
     907       2.5513
     908       2.4213
     909       2.3389
     910       2.4246
     911       2.2914
     912       2.2941
     913       2.3649
     914       2.3352
     915       2.4035
     916       2.3870
     917       2.4936
     918       2.3327
     919       2.5012
     920       2.3578
     921       2.3027
     922       2.5053
     923       2.3204
     924       2.4363
     925       2.3738
     926       2.4238
     927       2.3817
     928       2.2002
     929       2.4607
     930       2.3131
     931       2.3174
     932       2.4059
     933       2.4617
     934       2.5439
     935       2.5507
     936       2.5800
     937       2.6100
     938       2.6804
     939       2.6281
     940       2.5745
     941       2.5159
     942       2.5246
     943       2.5105
     944       2.5378
     945       2.5851
     946       2.5863
     947       2.5324
     948       2.4403
     949       2.6613
     950       2.6651
     951       2.7422
     952       2.7706
     953       2.6903
     954       2.5961
     955       2.6417
     956       2.5446
     957       2.5945
     958       2.7533
     959       2.4336
     960       2.6870
     961       2.5342
     962       2.5358
     963       2.5923
     964       2.5787
     965       2.4405
     966       2.4281
     967       2.3101
     968       2.3637
     969       2.3869
     970       2.5498
     971       2.4030
     972       2.4997
     973       2.3629
     974       2.2298
     975       2.5511
     976       2.5330
     977       2.5438
     978       2.3153
     979       2.4025
     980       2.4563
     981       2.4053
     982       2.5216
     983       2.4952
     984       2.4157
     985       2.3426
     986       2.4467
     987       2.4485
     988       2.3813
     989       2.4204
     990       2.3660
     991       2.2604
     992       2.2776
     993       2.3534
     994       2.2595
     995       2.4143
     996       2.3189
     997       2.2773
     998       2.2645
     999       2.2673
    1000       2.3592
    1001       2.3582
    1002       2.5402
    1003       2.2877
    1004       2.4986
    1005       2.5883
    1006       2.6002
    1007       2.3762
    1008       2.2621
    1009       2.2531
    1010       2.2736
    1011       2.2074
    1012       2.2992
    1013       2.4803
    1014       2.5529
    1015       2.5361
    1016       2.4460
    1017       2.2960
    1018       2.3776
    1019       2.4510
    1020       2.4286
    1021       2.6413
    1022       2.4003
    1023       2.3584
    1024       2.3488
    1025       2.2917
    1026       2.2203
    1027       2.4327
    1028       2.3133
    1029       2.2136
    1030       2.3366
    1031       2.2696
    1032       2.3748
    1033       2.2446
    1034       2.2361
    1035       2.3428
    1036       2.3280
    1037       2.3662
    1038       2.3649
    1039       2.3323
    1040       2.3970
    1041       2.4740
    1042       2.5209
    1043       2.3785
    1044       2.2851
    1045       2.4433
    1046       2.3642
    1047       2.4520
    1048       2.5756
    1049       2.5376
    1050       2.3838
    1051       2.5616
    1052       2.6237
    1053       2.5261
    1054       2.4103
    1055       2.4229
    1056       2.3130
    1057       2.5499
    1058       2.4893
    1059       2.2957
    1060       2.3590
    1061       2.2839
    1062       2.2980
    1063       2.3019
    1064       2.2550
    1065       2.2285
    1066       2.2903
    1067       2.4397
    1068       2.4732
    1069       2.4955
    1070       2.4515
    1071       2.4297
    1072       2.6787
    1073       2.7427
    1074       2.4542
    1075       2.6006
    1076       2.7254
    1077       2.8222
    1078       2.6597
    1079       2.6780
    1080       2.5262
    1081       2.5035
    1082       2.5081
    1083       2.7296
    1084       2.5963
    1085       2.8432
    1086       2.7911
    1087       2.8029
    1088       2.7616
    1089       2.9683
    1090       2.8237
    1091       2.4644
    1092       2.5896
    1093       2.4512
    1094       2.3565
    1095       2.4185
    1096       2.4896
    1097       2.6593
    1098       2.3969
    1099       2.4624
    1100       2.5520
    1101       2.6065
    1102       2.4977
    1103       2.4259
    1104       2.5742
    1105       2.5143
    1106       2.6959
    1107       2.6334
    1108       2.5435
    1109       2.5968
    1110       2.4270
    1111       2.4421
    1112       2.4538
    1113       2.3279
    1114       2.3066
    1115       2.3317
    1116       2.3454
    1117       2.4278
    1118       2.4112
    1119       2.3031
    1120       2.4281
    1121       2.4088
    1122       2.4191
    1123       2.2250
    1124       2.6234
    1125       2.6243
    1126       2.6457
    1127       2.4360
    1128       2.4171
    1129       2.3684
    1130       2.5803
    1131       2.3360
    1132       2.5639
    1133       2.4260
    1134       2.3576
    1135       2.3636
    1136       2.3465
    1137       2.3571
    1138       2.5400
    1139       2.3750
    1140       2.4623
    1141       2.3879
    1142       2.5870
    1143       2.3377
    1144       2.4165
    1145       2.4836
    1146       2.5454
    1147       2.4037
    1148       2.4627
    1149       2.6746
    1150       2.5153
    1151       2.6475
    1152       2.5116
    1153       2.7091
    1154       2.5031
    1155       2.5769
    1156       2.5019
    1157       2.6734
    1158       2.8080
    1159       2.6256
    1160       2.4503
    1161       2.3716
    1162       2.5413
    1163       2.4511
    1164       2.4886
    1165       2.4490
    1166       2.6229
    1167       2.6894
    1168       2.6972
    1169       2.5146
    1170       2.4595
    1171       2.5040
    1172       2.5816
    1173       2.6990
    1174       2.4111
    1175       2.4402
    1176       2.4959
    1177       2.5788
    1178       2.6223
    1179       2.7114
    1180       2.6019
    1181       2.5015
    1182       2.4139
    1183       2.5642
    1184       2.4389
    1185       2.5370
    1186       2.6368
    1187       2.6534
    1188       2.5220
    1189       2.4917
    1190       2.6048
    1191       2.6267
    1192       2.7217
    1193       2.7819
    1194       2.8025
    1195       2.8073
    1196       2.6384
    1197       2.6652
    1198       2.5129
    1199       2.7471
    1200       2.6470
    1201       2.7517
    1202       2.7583
    1203       2.6779
    1204       2.7241
    1205       2.5935
    1206       2.6274
    1207       2.6849
    1208       2.5800
    1209       2.6221
    1210       2.5769
    1211       2.8507
    1212       2.8051
    1213       2.6033
    1214       2.6715
    1215       2.7281
    1216       2.5855
    1217       2.6765
    1218       2.6295
    1219       2.6702
    1220       2.4327
    1221       2.4616
    1222       2.8018
    1223       2.7145
    1224       2.8277
    1225       2.7770
    1226       2.4773
    1227       2.5700
    1228       2.7306
    1229       2.7622
    1230       2.5999
    1231       2.5848
    1232       2.5573
    1233       2.4865
    1234       2.4096
    1235       2.4375
    1236       2.3717
    1237       2.5072
    1238       2.4034
    1239       2.5289
    1240       2.4415
    1241       2.3841
    1242       2.4862
    1243       2.4704
    1244       2.5589
    1245       2.3840
    1246       2.3375
    1247       2.3481
    1248       2.2550
    1249       2.3054
    1250       2.2956
    1251       2.1722
    1252       2.4046
    1253       2.5215
    1254       2.4679
    1255       2.3557
    1256       2.2521
    1257       2.3624
    1258       2.3417
    1259       2.3887
    1260       2.1843
    1261       2.1121
    1262       2.4121
    1263       2.6551
    1264       2.6500
    1265       2.9672
    1266       2.8572
    1267       2.5791
    1268       2.4738
    1269       2.6060
    1270       2.5935
    1271       2.9112
    1272       3.0718
    1273       3.1303
    1274       3.5132
    1275       3.2159
    1276       3.1170
    1277       2.9844
    1278       2.8890
    1279       2.8212
    1280       2.7644
    1281       2.8332
    1282       2.8231
    1283       3.1690
    1284       3.2537
    1285       3.0763
    1286       3.0790
    1287       3.0769
    1288       2.6458
    1289       2.7111
    1290       2.8996
    1291       2.7412
    1292       2.6637
    1293       2.5672
    1294       2.5751
    1295       2.6942
    1296       2.6490
    1297       2.4495
    1298       2.5043
    1299       2.6270
    1300       2.5365
    1301       2.4276
    1302       2.7006
    1303       2.6610
    1304       2.8164
    1305       2.6223
    1306       2.5860
    1307       2.8900
    1308       2.6410
    1309       2.5857
    1310       2.6234
    1311       2.5950
    1312       2.6588
    1313       2.5662
    1314       2.7371
    1315       2.7822
    1316       2.7180
    1317       2.6790
    1318       2.6124
    1319       2.5649
    1320       2.5205
    1321       2.5545
    1322       2.4749
    1323       2.5275
    1324       2.5593
    1325       2.6412
    1326       2.5456
    1327       2.5893
    1328       2.6412
    1329       2.6195
    1330       2.4452
    1331       2.5233
    1332       2.4630
    1333       2.5021
    1334       2.5759
    1335       2.7453
    1336       2.6344
    1337       2.7192
    1338       2.4420
    1339       2.5365
    1340       2.5982
    1341       2.5950
    1342       2.5681
    1343       2.5310
    1344       2.7165
    1345       2.8973
    1346       2.5883
    1347       2.6277
    1348       2.5749
    1349       2.7730
    1350       2.5749
    1351       2.6181
    1352       2.6222
    1353       2.6759
    1354       2.9496
    1355       2.6513
    1356       2.6782
    1357       2.6512
    1358       2.6430
    1359       2.4955
    1360       2.6637
    1361       2.5754
    1362       2.6927
    1363       2.6484
    1364       2.5762
    1365       2.4665
    1366       2.3873
    1367       2.4770
    1368       2.3632
    1369       2.5476
    1370       2.4495
    1371       2.4070
    1372       2.6724
    1373       2.6008
    1374       2.4808
    1375       2.5119
    1376       2.5783
    1377       2.5984
    1378       2.8508
    1379       2.7739
    1380       2.9888
    1381       2.6072
    1382       2.7827
    1383       2.8683
    1384       2.3801
    1385       2.5507
    1386       2.7419
    1387       2.5070
    1388       2.5599
    1389       2.6345
    1390       2.6121
    1391       2.5193
    1392       2.4562
    1393       2.3668
    1394       2.5150
    1395       2.4312
    1396       2.6011
    1397       2.4500
    1398       2.5310
    1399       2.5662
    1400       2.5241
    1401       2.6887
    1402       2.7214
    1403       2.6244
    1404       2.5826
    1405       2.4549
    1406       2.5085
    1407       2.4794
    1408       2.4549
    1409       2.4360
    1410       2.5262
    1411       2.5090
    1412       2.5348
    1413       2.5420
    1414       2.5448
    1415       2.6521
    1416       2.6631
    1417       2.4079
    1418       2.5271
    1419       2.4308
    1420       2.5213
    1421       2.5296
    1422       2.4600
    1423       2.5531
    1424       2.5220
    1425       2.5919
    1426       2.6721
    1427       2.5521
    1428       2.6454
    1429       2.6639
    1430       2.7135
    1431       2.7347
    1432       2.8883
    1433       2.3968
    1434       2.4281
    1435       2.6506
    1436       2.5471
    1437       2.3737
    1438       2.5245
    1439       2.5777
    1440       2.4973
    1441       2.4400
    1442       2.4961
    1443       2.3889
    1444       2.3565
    1445       2.5059
    1446       2.5090
    1447       2.3378
    1448       2.5224
    1449       2.4238
    1450       2.5266
    1451       2.4331
    1452       2.4827
    1453       2.5693
    1454       2.6930
    1455       2.5469
    1456       2.6860
    1457       2.7546
    1458       2.4308
    1459       2.5224
    1460       2.5789
    1461       2.4862
    1462       2.4405
    1463       2.5121
    1464       2.7342
    1465       2.8911
    1466       2.8289
    1467       3.0876
    1468       2.9912
    1469       3.5659
    1470       3.2071
    1471       3.0727
    1472       2.8423
    1473       2.9503
    1474       2.6877
    1475       2.7031
    1476       2.5058
    1477       2.6292
    1478       2.9342
    1479       2.6570
    1480       2.7491
    1481       2.7729
    1482       2.7378
    1483       2.8126
    1484       2.8683
    1485       2.6375
    1486       2.8558
    1487       2.8190
    1488       2.8535
    1489       2.5830
    1490       2.5906
    1491       2.6924
    1492       2.7997
    1493       2.8790
    1494       2.8682
    1495       2.6166
    1496       2.8187
    1497       2.9990
    1498       2.6258
    1499       2.7214
    1500       2.7027
    1501       2.5221
    1502       2.7526
    1503       2.6576
    1504       2.6055
    1505       2.8246
    1506       2.9434
    1507       2.7743
    1508       2.8652
    1509       2.9064
    1510       2.7537
    1511       2.7931
    1512       2.6325
    1513       2.7462
    1514       2.8108
    1515       2.8975
    1516       2.8149
    1517       2.5948
    1518       2.4480
    1519       2.7114
    1520       2.8492
    1521       2.6710
    1522       2.6823
    1523       2.8145
    1524       2.7443
    1525       2.5964
    1526       2.6894
    1527       2.7408
    1528       2.8865
    1529       2.6873
    1530       2.6143
    1531       2.5905
    1532       2.7815
    1533       2.7110
    1534       2.5779
    1535       2.5542
    1536       2.7057
    1537       2.9393
    1538       2.6359
    1539       2.5503
    1540       2.6741
    1541       2.7872
    1542       2.6801
    1543       2.7068
    1544       2.4944
    1545       2.5933
    1546       2.6359
    1547       2.4607
    1548       2.7799
    1549       2.6535
    1550       2.6183
    1551       2.5474
    1552       2.5501
    1553       2.8694
    1554       2.7538
    1555       2.6277
    1556       2.7955
    1557       2.8619
    1558       2.6690
    1559       2.7167
    1560       2.6803
    1561       2.6323
    1562       2.6675
    1563       2.7461
    1564       2.8687
    1565       2.7195
    1566       2.6455
    1567       2.5117
    1568       2.5133
    1569       2.6613
    1570       2.6043
    1571       2.5784
    1572       2.7253
    1573       2.6036
    1574       2.5301
    1575       2.5272
    1576       2.6022
    1577       2.8186
    1578       2.6250
    1579       2.6751
    1580       2.7050
    1581       2.6240
    1582       2.5418
    1583       2.5541
    1584       2.5666
    1585       2.6132
    1586       2.5865
    1587       2.4905
    1588       2.4851
    1589       2.5287
    1590       2.5453
    1591       2.5564
    1592       2.5273
    1593       2.6504
    1594       2.7142
    1595       2.7388
    1596       2.6249
    1597       2.5438
    1598       2.7126
    1599       2.7036
    1600       2.5837
    1601       2.8911
    1602       2.4957
    1603       2.7203
    1604       2.9944
    1605       2.8390
    1606       2.5953
    1607       2.6330
    1608       2.7037
    1609       2.5578
    1610       2.6467
    1611       2.7264
    1612       2.7814
    1613       2.7282
    1614       2.7440
    1615       2.5831
    1616       2.5134
    1617       2.6166
    1618       2.7147
    1619       2.8332
    1620       2.7256
    1621       2.8639
    1622       2.8448
    1623       2.7064
    1624       2.8893
    1625       2.6038
    1626       2.7055
    1627       2.9026
    1628       2.8151
    1629       2.6800
    1630       2.6147
    1631       2.6191
    1632       2.7977
    1633       2.6954
    1634       2.5057
    1635       2.6435
    1636       2.7156
    1637       3.0555
    1638       2.8633
    1639       2.9362
    1640       2.9543
    1641       2.7356
    1642       2.7300
    1643       2.5939
    1644       2.5294
    1645       3.0992
    1646       2.9778
    1647       2.8171
    1648       2.8315
    1649       2.8250
    1650       2.7740
    1651       2.8079
    1652       2.9062
    1653       2.8032
    1654       2.7142
    1655       2.7336
    1656       2.7044
    1657       3.2234
    1658       2.8151
    1659       2.9118
    1660       2.8927
    1661       2.7966
    1662       2.6775
    1663       2.9013
    1664       2.6113
    1665       2.7985
    1666       2.4774
    1667       2.6907
    1668       2.5642
    1669       2.7931
    1670       2.5728
    1671       2.6752
    1672       2.8505
    1673       2.7742
    1674       3.0355
    1675       2.7240
    1676       2.9612
    1677       2.6056
    1678       3.1332
    1679       2.6959
    1680       2.4381
    1681       2.4649
    1682       2.3872
    1683       2.5128
    1684       2.4604
    1685       2.9607
    1686       3.1001
    1687       2.9238
    1688       3.0130
    1689       3.2045
    1690       2.8126
    1691       2.7909
    1692       2.8132
    1693       2.5499
    1694       2.6177
    1695       2.8066
    1696       3.3231
    1697       3.2402
    1698       3.4339
    1699       3.0290
    1700       3.1474
    1701       2.9176
    1702       2.8682
    1703       3.1126
    1704       3.0126
    1705       2.8745
    1706       2.7213
    1707       2.8450
    1708       2.6183
    1709       2.6923
    1710       2.4889
    1711       2.9840
    1712       2.9228
    1713       2.7470
    1714       2.6392
    1715       2.7256
    1716       2.8718
    1717       2.8392
    1718       2.6810
    1719       2.7660
    1720       2.7872
    1721       2.5462
    1722       2.5886
    1723       2.7546
    1724       2.4755
    1725       2.5753
    1726       2.4369
    1727       2.6728
    1728       2.6321
    1729       2.6674
    1730       2.5659
    1731       2.5502
    1732       2.5303
    1733       2.5145
    1734       2.7463
    1735       2.4622
    1736       2.4847
    1737       2.3376
    1738       2.6692
    1739       2.5167
    1740       2.6084
    1741       2.7947
    1742       2.7953
    1743       2.6409
    1744       2.6799
    1745       2.7553
    1746       2.6077
    1747       2.5320
    1748       2.6822
    1749       3.0088
    1750       2.5006
    1751       2.5563
    1752       2.5237
    1753       2.5815
    1754       2.6469
    1755       2.5280
    1756       2.5363
    1757       2.6326
    1758       2.7029
    1759       2.5523
    1760       2.6100
    1761       2.3862
    1762       2.4514
    1763       2.5229
    1764       2.4063
    1765       2.5572
    1766       2.6645
    1767       2.5142
    1768       2.6712
    1769       2.6356
    1770       2.4344
    1771       2.8022
    1772       2.6502
    1773       2.4333
    1774       2.5521
    1775       2.6846
    1776       2.8216
    1777       2.6194
    1778       2.8771
    1779       2.5906
    1780       2.6135
    1781       2.5223
    1782       2.5626
    1783       2.8338
    1784       2.8905
    1785       2.7811
    1786       2.6186
    1787       2.6027
    1788       2.7032
    1789       2.3104
    1790       2.4082
    1791       2.5089
    1792       2.5879
    1793       2.5185
    1794       2.7163
    1795       2.4107
    1796       2.3662
    1797       2.3907
    1798       2.3231
    1799       2.2961
    1800       2.4691
    1801       2.5084
    1802       2.3209
    1803       2.4697
    1804       2.2765
    1805       2.4636
    1806       2.5145
    1807       2.5159
    1808       2.5308
    1809       2.4336
    1810       2.3428
    1811       2.6454
    1812       2.4369
    1813       2.4427
    1814       2.6882
    1815       2.4984
    1816       2.4516
    1817       2.4717
    1818       2.5683
    1819       2.6242
    1820       2.6448
    1821       2.4724
    1822       2.3935
    1823       2.6937
    1824       2.7092
    1825       2.8353
    1826       2.6436
    1827       2.5094
    1828       2.7530
    1829       2.6903
    1830       2.9671
    1831       2.8324
    1832       2.8309
    1833       2.6154
    1834       2.7040
    1835       2.6522
    1836       2.7274
    1837       2.8117
    1838       2.7904
    1839       2.8648
    1840       2.4798
    1841       2.3877
    1842       2.4818
    1843       2.6175
    1844       2.4529
    1845       2.4518
    1846       2.6676
    1847       2.6565
    1848       2.6178
    1849       2.6705
    1850       2.5481
    1851       2.6007
    1852       2.5255
    1853       2.5747
    1854       2.4769
    1855       2.5119
    1856       2.3924
    1857       2.5681
    1858       2.6186
    1859       2.4182
    1860       2.4639
    1861       2.6373
    1862       2.8260
    1863       2.9534
    1864       3.3163
    1865       3.0943
    1866       2.7789
    1867       2.7431
    1868       2.7855
    1869       2.9190
    1870       2.6728
    1871       2.8317
    1872       2.9754
    1873       2.8861
    1874       2.9543
    1875       2.8259
    1876       3.0844
    1877       2.9034
    1878       2.8582
    1879       2.8191
    1880       3.1946
    1881       2.8537
    1882       2.5846
    1883       3.2264
    1884       3.1243
    1885       2.9496
    1886       3.1105
    1887       2.7830
    1888       2.8031
    1889       2.8563
    1890       2.7373
    1891       2.7687
    1892       2.8763
    1893       2.7719
    1894       2.8125
    1895       2.9438
    1896       3.1492
    1897       2.8163
    1898       2.9345
    1899       2.8493
    1900       2.7989
    1901       2.8488
    1902       2.7113
    1903       2.6842
    1904       2.7807
    1905       2.7946
    1906       2.6920
    1907       2.7679
    1908       2.6693
    1909       2.5860
    1910       2.9436
    1911       2.9444
    1912       2.9935
    1913       2.7248
    1914       2.8913
    1915       2.8684
    1916       2.7755
    1917       2.6925
    1918       2.8403
    1919       2.9386
    1920       2.8100
    1921       3.1448
    1922       3.1725
    1923       2.9951
    1924       3.2673
    1925       3.0065
    1926       3.1488
    1927       3.1709
    1928       3.1024
    1929       3.1417
    1930       3.0551
    1931       3.3349
    1932       3.0682
    1933       3.0081
    1934       3.2584
    1935       3.2062
    1936       2.9844
    1937       2.7351
    1938       2.6938
    1939       2.9062
    1940       2.7899
    1941       2.6077
    1942       2.7590
    1943       2.6820
    1944       2.6137
    1945       2.8233
    1946       2.5788
    1947       2.8658
    1948       2.5854
    1949       2.6782
    1950       2.6778
    1951       2.6163
    1952       2.8513
    1953       3.0347
    1954       2.6315
    1955       2.7431
    1956       2.7131
    1957       2.9066
    1958       2.8596
    1959       2.7053
    1960       2.7497
    1961       2.9990
    1962       2.8381
    1963       2.8359
    1964       2.9585
    1965       2.7641
    1966       3.0373
    1967       2.8908
    1968       2.9002
    1969       2.7377
    1970       2.4921
    1971       2.5502
    1972       2.4698
    1973       2.7981
    1974       2.9621
    1975       2.9131
    1976       2.8603
    1977       2.7723
    1978       2.8016
    1979       2.8167
    1980       2.7473
    1981       2.5104
    1982       2.7252
    1983       2.7989
    1984       2.5862
    1985       2.7654
    1986       2.7278
    1987       2.9346
    1988       3.0458
    1989       2.7904
    1990       3.1420
    1991       3.1696
    1992       3.6436
    1993       3.1957
    1994       3.1246
    1995       2.7439
    1996       3.1581
    1997       2.9726
    1998       2.9849
    1999       3.0578
    2000       2.9523
    2001       2.5505
    2002       2.8164
    2003       3.0117
    2004       2.9083
    2005       2.8594
    2006       2.8591
    2007       2.8186
    2008       2.7180
    2009       3.0364
    2010       2.9062
    2011       2.9941
    2012       2.9512
    2013       2.9205
    2014       2.5912
    2015       2.5302
    2016       2.8956
    2017       2.7405
    2018       2.8172
    2019       2.6664
    2020       2.6548
    2021       2.7004
    2022       2.9112
    2023       2.8638
    2024       2.6083
    2025       2.7952
    2026       3.0317
    2027       2.8047
    2028       2.7571
    2029       2.7180
    2030       2.5782
    2031       2.7303
    2032       3.0354
    2033       2.9614
    2034       2.6634
    2035       2.8856
    2036       2.8162
    2037       2.7532
    2038       2.8267
    2039       2.8759
    2040       2.5679
    2041       2.6913
    2042       2.6294
    2043       2.9223
    2044       2.9793
    2045       2.8249
    2046       2.9667
    2047       2.7611
    2048       3.0025
    2049       3.0405
    2050       2.8539
    2051       2.9706
    2052       3.0615
    2053       2.7222
    2054       2.8519
    2055       3.0940
    2056       2.9571
    2057       2.6430
    2058       2.5810
    2059       2.4850
    2060       2.5875
    2061       2.8313
    2062       3.0296
    2063       2.9057
    2064       3.0257
    2065       2.7047
    2066       2.8257
    2067       2.6716
    2068       2.6612
    2069       2.7965
    2070       3.2640
    2071       2.9779
    2072       2.9467
    2073       3.0257
    2074       2.5049
    2075       2.7243
    2076       2.7298
    2077       2.4206
    2078       2.4526
    2079       2.6870
    2080       2.6589
    2081       2.4796
    2082       2.7725
    2083       2.6458
    2084       2.6757
    2085       2.5936
    2086       2.8116
    2087       2.6813
    2088       2.8062
    2089       3.0718
    2090       2.6225
    2091       2.7328
    2092       2.7641
    2093       2.6552
    2094       2.6407
    2095       2.7589
    2096       2.5652
    2097       2.6292
    2098       2.6055
    2099       2.7155
    2100       2.8957
    2101       2.4565
    2102       2.5803
    2103       2.6509
    2104       2.6266
    2105       2.7115
    2106       2.9078
    2107       2.8073
    2108       2.6244
    2109       3.1366
    2110       3.0954
    2111       2.8421
    2112       2.5724
    2113       2.7030
    2114       2.8322
    2115       2.7750
    2116       2.6970
    2117       2.7605
    2118       2.7742
    2119       3.0100
    2120       2.6074
    2121       2.6151
    2122       2.6660
    2123       2.6509
    2124       2.5172
    2125       2.7287
    2126       2.7712
    2127       2.7053
    2128       2.7781
    2129       2.6935
    2130       2.5838
    2131       2.6844
    2132       2.7991
    2133       2.6429
    2134       2.5356
    2135       2.6383
    2136       2.8300
    2137       2.8732
    2138       2.5803
    2139       2.4385
    2140       2.5673
    2141       2.7115
    2142       2.4658
    2143       2.3979
    2144       2.5117
    2145       2.6062
    2146       2.5216
    2147       2.6547
    2148       2.7295
    2149       2.7190
    2150       2.7374
    2151       2.7012
    2152       2.6072
    2153       2.5012
    2154       2.7500
    2155       2.6962
    2156       2.7947
    2157       2.7615
    2158       2.7201
    2159       2.9571
    2160       2.8146
    2161       2.8713
    2162       2.7364
    2163       2.5613
    2164       2.7264
    2165       2.6301
    2166       3.0137
    2167       2.7275
    2168       3.0239
    2169       2.6298
    2170       2.6759
    2171       2.6108
    2172       2.6091
    2173       2.5039
    2174       2.5445
    2175       2.6130
    2176       2.7627
    2177       2.4034
    2178       2.5997
    2179       2.7839
    2180       2.6048
    2181       2.6197
    2182       2.7744
    2183       2.7837
    2184       2.5765
    2185       2.8924
    2186       2.6713
    2187       2.8126
    2188       2.8221
    2189       2.7739
    2190       2.4810
    2191       2.7210
    2192       2.6481
    2193       2.6456
    2194       2.4290
    2195       2.5257
    2196       2.6590
    2197       2.6837
    2198       2.7079
    2199       2.6271
    2200       2.7416
    2201       2.8444
    2202       2.6555
    2203       2.3470
    2204       2.5456
    2205       2.3009
    2206       2.2301
    2207       2.3494
    2208       2.4716
    2209       2.5972
    2210       2.4074
    2211       2.6075
    2212       2.6750
    2213       2.4472
    2214       2.6800
    2215       2.6416
    2216       2.6776
    2217       2.6183
    2218       2.7616
    2219       2.9927
    2220       2.5886
    2221       2.6235
    2222       2.5323
    2223       2.7281
    2224       2.7712
    2225       2.6058
    2226       2.6876
    2227       2.6498
    2228       2.7445
    2229       2.8606
    2230       2.7612
    2231       3.0121
    2232       3.0130
    2233       2.7661
    2234       2.5599
    2235       2.7346
    2236       2.8133
    2237       2.7955
    2238       2.6178
    2239       2.6707
    2240       2.5001
    2241       2.6434
    2242       2.6317
    2243       2.8020
    2244       2.6654
    2245       2.7303
    2246       2.6369
    2247       2.7184
    2248       2.6878
    2249       2.9484
    2250       2.4981
    2251       2.8509
    2252       2.6284
    2253       2.6934
    2254       2.6756
    2255       2.8906
    2256       2.8606
    2257       2.8295
    2258       2.9744
    2259       2.7527
    2260       2.6174
    2261       2.7190
    2262       2.7973
    2263       2.5743
    2264       2.6889
    2265       2.9209
    2266       2.9245
    2267       2.5689
    2268       2.7011
    2269       2.3754
    2270       2.4744
    2271       2.6254
    2272       2.6866
    2273       2.6807
    2274       2.6338
    2275       2.4488
    2276       2.5127
    2277       2.6120
    2278       3.0041
    2279       3.0490
    2280       2.9160
    2281       2.7880
    2282       2.8166
    2283       2.8902
    2284       2.6641
    2285       2.8632
    2286       2.8159
    2287       2.8463
    2288       2.9697
    2289       2.6803
    2290       2.7610
    2291       2.9089
    2292       2.8245
    2293       2.8568
    2294       2.6863
    2295       2.5709
    2296       2.5832
    2297       2.5018
    2298       2.8006
    2299       2.9016
    2300       3.1293
    2301       2.8286
    2302       2.8690
    2303       2.9644
    2304       2.8951
    2305       2.9332
    2306       2.9926
    2307       3.0160
    2308       2.8471
    2309       2.7252
    2310       2.7338
    2311       2.7529
    2312       2.7947
    2313       2.4236
    2314       2.6590
    2315       2.5930
    2316       2.8877
    2317       3.1725
    2318       2.9521
    2319       3.0193
    2320       2.9727
    2321       3.2899
    2322       3.1952
    2323       3.0459
    2324       2.8264
    2325       3.0885
    2326       3.0549
    2327       3.0986
    2328       3.1900
    2329       3.1997
    2330       3.1978
    2331       3.0941
    2332       3.3303
    2333       3.0654
    2334       3.0986
    2335       3.1396
    2336       3.1441
    2337       3.0278
    2338       3.0146
    2339       2.9157
    2340       2.9908
    2341       2.7558
    2342       2.9728
    2343       2.8968
    2344       2.7292
    2345       2.6498
    2346       2.6999
    2347       2.6043
    2348       2.6636
    2349       2.5766
    2350       2.3542
    2351       2.5835
    2352       2.6711
    2353       2.5033
    2354       2.9433
    2355       2.8819
    2356       2.6565
    2357       2.5402
    2358       2.9169
    2359       2.8572
    2360       2.8657
    2361       3.0885
    2362       2.9485
    2363       2.6952
    2364       2.6585
    2365       2.7897
    2366       2.5399
    2367       2.5344
    2368       2.7119
    2369       2.6061
    2370       2.5728
    2371       2.7758
    2372       2.5534
    2373       2.5338
    2374       2.5740
    2375       2.5205
    2376       2.5097
    2377       2.5635
    2378       2.5834
    2379       2.5176
    2380       2.5745
    2381       2.5286
    2382       2.8568
    2383       2.7023
    2384       2.6121
    2385       2.8963
    2386       2.8604
    2387       2.7360
    2388       2.7297
    2389       2.6318
    2390       2.5437
    2391       2.7869
    2392       2.5606
    2393       2.6722
    2394       2.5230
    2395       2.6171
    2396       2.8129
    2397       3.1975
    2398       2.8745
    2399       2.6106
    2400       2.8068
    2401       2.6973
    2402       2.4648
    2403       2.5491
    2404       2.5988
    2405       2.3674
    2406       2.4860
    2407       2.5730
    2408       2.7585
    2409       2.4909
    2410       2.2358
    2411       2.6038
    2412       2.6121
    2413       2.5322
    2414       2.3135
    2415       2.4690
    2416       2.3974
    2417       2.4263
    2418       2.7299
    2419       2.6881
    2420       2.7444
    2421       2.6505
    2422       2.7029
    2423       2.4703
    2424       2.4105
    2425       2.6416
    2426       2.5763
    2427       2.4825
    2428       2.8228
    2429       2.5643
    2430       2.6032
    2431       2.5096
    2432       2.6154
    2433       2.5406
    2434       2.5144
    2435       2.4084
    2436       2.4974
    2437       2.6689
    2438       2.7120
    2439       2.9136
    2440       2.9895
    2441       2.4887
    2442       2.6128
    2443       2.4424
    2444       2.4824
    2445       2.6772
    2446       2.5442
    2447       2.4256
    2448       2.6730
    2449       2.6279
    2450       2.6535
    2451       2.5233
    2452       2.5684
    2453       2.8703
    2454       2.8873
    2455       2.4453
    2456       2.5240
    2457       2.5536
    2458       2.6467
    2459       2.5820
    2460       2.7477
    2461       2.7430
    2462       2.7630
    2463       2.5225
    2464       2.6929
    2465       2.6894
    2466       2.5624
    2467       2.6436
    2468       2.5346
    2469       2.5537
    2470       2.6936
    2471       2.5089
    2472       2.6597
    2473       2.7556
    2474       2.6164
    2475       2.5219
    2476       2.4413
    2477       2.6235
    2478       2.6171
    2479       2.7223
    2480       2.6319
    2481       2.6289
    2482       2.7177
    2483       2.8576
    2484       2.9058
    2485       2.6148
    2486       2.8949
    2487       2.9058
    2488       2.6134
    2489       2.6479
    2490       2.5384
    2491       2.6870
    2492       2.7503
    2493       2.8418
    2494       2.7531
    2495       2.5770
    2496       2.7644
    2497       2.6013
    2498       2.7675
    2499       2.9748
    2500       2.6151
    2501       2.7143
    2502       2.8727
    2503       2.7675
    2504       2.7613
    2505       2.8372
    2506       2.8606
    2507       2.9681
    2508       2.7301
    2509       3.0061
    2510       2.5245
    2511       2.7230
    2512       2.9747
    2513       2.7432
    2514       2.8865
    2515       3.0095
    2516       2.8820
    2517       2.8641
    2518       2.8561
    2519       2.7680
    2520       2.9051
    2521       2.6572
    2522       2.7534
    2523       2.6365
    2524       2.6777
    2525       2.3649
    2526       2.6494
    2527       3.0219
    2528       2.8179
    2529       2.6902
    2530       2.6268
    2531       2.9058
    2532       2.9415
    2533       2.7591
    2534       2.9825
    2535       2.6686
    2536       2.7368
    2537       2.8057
    2538       2.8574
    2539       2.6379
    2540       2.9790
    2541       2.7440
    2542       2.7464
    2543       2.7652
    2544       2.6944
    2545       2.9426
    2546       3.3074
    2547       3.1398
    2548       3.3281
    2549       3.0920
    2550       3.1455
    2551       2.6473
    2552       3.0564
    2553       3.0352
    2554       2.7835
    2555       2.6981
    2556       2.7633
    2557       2.6446
    2558       3.1225
    2559       3.2220
    2560       3.0460
    2561       3.0532
    2562       3.1068
    2563       3.1409
    2564       3.1333
    2565       3.2993
    2566       3.0088
    2567       2.6759
    2568       3.0303
    2569       2.5665
    2570       2.6207
    2571       3.0474
    2572       2.9331
    2573       2.5843
    2574       2.7191
    2575       2.8614
    2576       2.6928
    2577       2.8468
    2578       2.7482
    2579       2.5930
    2580       2.6044
    2581       2.6274
    2582       2.5673
    2583       2.7203
    2584       2.7879
    2585       2.9150
    2586       3.3246
    2587       3.2312
    2588       3.0140
    2589       3.1154
    2590       3.0944
    2591       2.8631
    2592       2.8221
    2593       2.7490
    2594       2.6665
    2595       2.7392
    2596       2.8512
    2597       2.9742
    2598       2.7865
    2599       2.8256
    2600       3.1258
    2601       2.9942
    2602       3.0367
    2603       2.8412
    2604       2.7443
    2605       2.5928
    2606       2.7578
    2607       2.8034
    2608       2.6242
    2609       3.0539
    2610       2.7184
    2611       2.8483
    2612       2.8537
    2613       2.7690
    2614       2.9249
    2615       2.7834
    2616       2.7845
    2617       2.6274
    2618       2.9068
    2619       2.8181
    2620       2.7024
    2621       2.9172
    2622       2.9399
    2623       2.6533
    2624       2.5081
    2625       2.7992
    2626       2.8687
    2627       2.8782
    2628       3.1785
    2629       3.0867
    2630       3.0257
    2631       3.0380
    2632       2.7332
    2633       2.8620
    2634       2.7192
    2635       2.8268
    2636       2.7051
    2637       2.8134
    2638       2.9059
    2639       3.0909
    2640       2.9278
    2641       2.5897
    2642       2.5996
    2643       2.8772
    2644       2.8946
    2645       2.7635
    2646       2.7985
    2647       2.6201
    2648       2.5922
    2649       2.8835
    2650       2.9430
    2651       2.7821
    2652       2.5406
    2653       2.6813
    2654       2.4788
    2655       2.6222
    2656       2.7010
    2657       2.6895
    2658       2.7281
    2659       2.6836
    2660       2.6496
    2661       2.9525
    2662       3.1416
    2663       2.8882
    2664       2.9070
    2665       2.5864
    2666       2.5953
    2667       2.7565
    2668       2.7888
    2669       2.5183
    2670       2.7305
    2671       2.7021
    2672       2.7517
    2673       2.6873
    2674       2.5506
    2675       2.8500
    2676       2.6972
    2677       2.6827
    2678       2.6652
    2679       2.6325
    2680       2.6252
    2681       2.8061
    2682       2.7894
    2683       2.7212
    2684       2.5391
    2685       3.0055
    2686       2.4864
    2687       2.7992
    2688       2.7794
    2689       2.8702
    2690       2.6222
    2691       2.6590
    2692       2.8094
    2693       3.0245
    2694       2.9169
    2695       2.8465
    2696       2.7300
    2697       2.8639
    2698       2.8627
    2699       2.9752
    2700       3.2411
    2701       3.0567
    2702       3.0104
    2703       2.7362
    2704       2.9003
    2705       2.9152
    2706       2.8183
    2707       3.0283
    2708       2.8050
    2709       2.8493
    2710       2.7237
    2711       2.8952
    2712       2.8591
    2713       2.7519
    2714       3.0228
    2715       3.1780
    2716       2.9430
    2717       3.0738
    2718       3.1043
    2719       2.7957
    2720       3.0859
    2721       3.2574
    2722       3.0162
    2723       2.9061
    2724       2.6919
    2725       2.6371
    2726       2.7294
    2727       2.8861
    2728       2.7413
    2729       3.0129
    2730       3.1005
    2731       2.7793
    2732       3.0256
    2733       2.8781
    2734       3.0989
    2735       3.1032
    2736       3.1441
    2737       2.9053
    2738       2.8522
    2739       3.0305
    2740       2.8513
    2741       3.0303
    2742       3.1521
    2743       2.9813
    2744       3.0340
    2745       3.1971
    2746       3.1036
    2747       2.8466
    2748       3.1876
    2749       2.9977
    2750       2.9935
    2751       2.9171
    2752       2.9736
    2753       3.1720
    2754       3.1668
    2755       3.1142
    2756       3.1710
    2757       3.1599
    2758       3.1011
    2759       3.2529
    2760       3.3457
    2761       3.1487
    2762       2.8837
    2763       3.0867
    2764       3.2006
    2765       3.2297
    2766       3.4000
    2767       3.5343
    2768       3.3550
    2769       3.3006
    2770       3.5908
    2771       3.3772
    2772       2.9460
    2773       3.3957
    2774       3.3154
    2775       3.3470
    2776       3.5649
    2777       3.6262
    2778       3.5254
    2779       3.5908
    2780       3.3915
    2781       3.4763
    2782       3.4938
    2783       3.9380
    2784       3.9528
    2785       3.7166
    2786       3.4561
    2787       3.7633
    2788       3.5229
    2789       3.4259
    2790       3.1072
    2791       3.0563
    2792       3.1854
    2793       3.3101
    2794       3.2515
    2795       2.9661
    2796       3.2118
    2797       3.3779
    2798       2.9498
    2799       2.8702
    2800       2.8628
    2801       2.8113
    2802       2.7640
    2803       2.8013
    2804       2.8480
    2805       2.8530
    2806       2.9153
    2807       2.8135
    2808       2.6189
    2809       2.7517
    2810       2.7608
    2811       2.9541
    2812       2.9235
    2813       2.5959
    2814       2.6189
    2815       2.6864
    2816       2.7310
    2817       2.6840
    2818       2.9005
    2819       2.8821
    2820       3.1460
    2821       3.0928
    2822       3.2096
    2823       3.1125
    2824       3.0448
    2825       2.9529
    2826       2.9388
    2827       3.2658
    2828       3.2107
    2829       3.0494
    2830       2.9797
    2831       2.9182
    2832       2.9501
    2833       2.8586
    2834       2.6172
    2835       2.7444
    2836       3.0219
    2837       2.7523
    2838       2.8158
    2839       2.8075
    2840       2.7659
    2841       2.6638
    2842       2.8035
    2843       2.6827
    2844       2.9062
    2845       2.8791
    2846       2.7381
    2847       2.7922
    2848       2.8508
    2849       2.6540
    2850       2.9276
    2851       2.9838
    2852       2.9321
    2853       3.1564
    2854       2.9700
    2855       2.8865
    2856       2.8828
    2857       2.8093
    2858       2.8097
    2859       3.0616
    2860       2.8973
    2861       3.0592
    2862       2.9242
    2863       2.9790
    2864       3.0244
    2865       2.8750
    2866       2.9422
    2867       3.0586
    2868       3.3071
    2869       2.9946
    2870       3.1094
    2871       2.8752
    2872       2.9082
    2873       2.8778
    2874       3.1241
    2875       2.9589
    2876       2.8386
    2877       3.1462
    2878       2.9298
    2879       2.8931
    2880       2.9479
    2881       2.7039
    2882       2.7848
    2883       2.8932
    2884       2.9411
    2885       3.0220
    2886       3.1771
    2887       2.7662
    2888       3.2185
    2889       3.1391
    2890       2.9584
    2891       3.1417
    2892       3.2401
    2893       2.9952
    2894       2.8503
    2895       3.2470
    2896       2.9982
    2897       2.9101
    2898       2.9531
    2899       2.6876
    2900       2.7920
    2901       3.0176
    2902       2.6169
    2903       2.7001
    2904       2.7516
    2905       2.5858
    2906       2.8210
    2907       2.9882
    2908       2.7026
    2909       2.7697
    2910       2.9750
    2911       2.8973
    2912       2.9538
    2913       2.9724
    2914       2.5949
    2915       2.6163
    2916       2.6046
    2917       2.7552
    2918       2.5284
    2919       2.7287
    2920       2.9784
    2921       2.8334
    2922       2.9399
    2923       2.7742
    2924       2.8031
    2925       2.6314
    2926       2.7250
    2927       2.9426
    2928       3.1368
    2929       3.0798
    2930       3.1936
    2931       3.2812
    2932       2.9980
    2933       3.3127
    2934       2.9299
    2935       3.0169
    2936       3.1021
    2937       3.1257
    2938       3.0577
    2939       3.2692
    2940       3.2066
    2941       3.1224
    2942       3.0655
    2943       2.7861
    2944       3.1822
    2945       3.1995
    2946       2.8672
    2947       3.0224
    2948       2.7048
    2949       2.7384
    2950       2.9264
    2951       2.8325
    2952       3.0412
    2953       2.8026
    2954       2.7294
    2955       2.8181
    2956       3.1015
    2957       2.9880
    2958       3.0166
    2959       2.7380
    2960       3.2579
    2961       3.4031
    2962       3.0479
    2963       2.8847
    2964       2.9171
    2965       2.8121
    2966       2.8808
    2967       2.8279
    2968       2.8994
    2969       2.8917
    2970       3.1173
    2971       3.0439
    2972       3.1631
    2973       2.9301
    2974       2.6873
    2975       2.8351
    2976       3.0103
    2977       2.9600
    2978       2.8185
    2979       2.5547
    2980       2.8752
    2981       2.8977
    2982       2.9774
    2983       2.7875
    2984       2.8565
    2985       2.7968
    2986       2.7469
    2987       3.0694
    2988       2.8745
    2989       2.8925
    2990       2.9365
    2991       2.7876
    2992       3.1313
    2993       3.1767
    2994       3.0398
    2995       3.0212
    2996       3.2454
    2997       3.2763
    2998       3.2529
    2999       3.1437
    3000       3.0100
    3001       2.8340
    3002       2.8917
    3003       2.7009
    3004       2.8325
    3005       2.9867
    3006       3.0004
    3007       3.0593
    3008       3.0136
    3009       2.6781
    3010       2.7771
    3011       2.9686
    3012       2.5310
    3013       2.7375
    3014       2.5539
    3015       2.5530
    3016       2.6202
    3017       2.7845
    3018       2.7235
    3019       2.8745
    3020       2.7955
    3021       2.9930
    3022       2.8105
    3023       2.8382
    3024       2.9020
    3025       2.6764
    3026       2.5549
    3027       2.5856
    3028       2.5588
    3029       3.0000
    3030       3.0194
    3031       2.7221
    3032       2.7938
    3033       2.9811
    3034       2.7708
    3035       2.8229
    3036       2.8571
    3037       2.9028
    3038       2.6764
    3039       2.6971
    3040       2.7412
    3041       3.2531
    3042       3.0435
    3043       2.9620
    3044       2.8739
    3045       2.8920
    3046       2.9805
    3047       2.7550
    3048       2.7118
    3049       2.6907
    3050       2.6994
    3051       2.9109
    3052       2.5208
    3053       2.6450
    3054       2.5767
    3055       2.6019
    3056       2.6426
    3057       2.6378
    3058       2.6999
    3059       2.7641
    3060       2.9327
    3061       2.7901
    3062       2.7401
    3063       2.6418
    3064       2.5083
    3065       2.5665
    3066       2.7373
    3067       2.6232
    3068       2.6209
    3069       2.6939
    3070       2.5740
    3071       2.5574
    3072       2.6388
    3073       2.8548
    3074       2.5610
    3075       2.9606
    3076       2.9486
    3077       2.8355
    3078       2.8773
    3079       2.6980
    3080       3.0642
    3081       3.0429
    3082       3.1688
    3083       2.8555
    3084       2.8138
    3085       3.0195
    3086       2.9268
    3087       2.7369
    3088       2.8722
    3089       2.9733
    3090       2.9859
    3091       3.1028
    3092       3.2334
    3093       3.1568
    3094       2.8579
    3095       3.1338
    3096       2.6446
    3097       2.8879
    3098       3.1299
    3099       3.2660
    3100       3.3424
    3101       3.0520
    3102       3.0230
    3103       2.9465
    3104       3.2248
    3105       3.3171
    3106       3.2911
    3107       3.0509
    3108       2.9952
    3109       3.0036
    3110       3.1963
    3111       3.0492
    3112       3.1732
    3113       3.0873
    3114       3.1435
    3115       3.0164
    3116       2.7973
    3117       2.7753
    3118       3.1065
    3119       2.7789
    3120       2.7680
    3121       2.7606
    3122       2.8021
    3123       3.0489
    3124       3.0265
    3125       2.6854
    3126       2.7112
    3127       2.8608
    3128       2.8822
    3129       2.8497
    3130       2.8969
    3131       3.1567
    3132       3.0450
    3133       3.1549
    3134       3.1827
    3135       3.0469
    3136       2.7764
    3137       2.7038
    3138       2.8577
    3139       3.0127
    3140       2.7402
    3141       2.8002
    3142       2.6971
    3143       2.8583
    3144       2.9579
    3145       3.0529
    3146       3.0174
    3147       2.9185
    3148       3.0643
    3149       2.8770
    3150       2.9310
    3151       2.9043
    3152       2.8359
    3153       2.7677
    3154       3.0797
    3155       3.0182
    3156       2.8992
    3157       3.0939
    3158       3.0101
    3159       3.0630
    3160       3.0199
    3161       2.9852
    3162       2.9404
    3163       3.0644
    3164       3.1595
    3165       3.0369
    3166       3.1030
    3167       3.2154
    3168       3.2061
    3169       3.6164
    3170       3.1121
    3171       3.2372
    3172       2.8722
    3173       3.0104
    3174       3.0912
    3175       2.8213
    3176       2.8941
    3177       3.1076
    3178       3.0438
    3179       2.9893
    3180       3.0449
    3181       2.9793
    3182       2.6257
    3183       2.7227
    3184       2.9517
    3185       2.8609
    3186       3.0194
    3187       2.9974
    3188       2.9575
    3189       3.0663
    3190       2.9242
    3191       2.9673
    3192       3.1840
    3193       3.0291
    3194       3.1704
    3195       3.3625
    3196       3.4583
    3197       2.7754
    3198       3.0746
    3199       2.7336
    3200       2.7768
    3201       3.0306
    3202       3.1804
    3203       2.8405
    3204       2.7753
    3205       2.9481
    3206       3.0214
    3207       2.9551
    3208       2.7539
    3209       2.6748
    3210       2.9617
    3211       2.6468
    3212       2.9870
    3213       2.7982
    3214       3.1212
    3215       2.9604
    3216       2.6815
    3217       2.8241
    3218       3.1065
    3219       2.9815
    3220       3.0402
    3221       2.8786
    3222       3.1315
    3223       3.0697
    3224       2.9234
    3225       3.2624
    3226       3.1648
    3227       3.0809
    3228       3.1952
    3229       3.1418
    3230       3.4419
    3231       3.0251
    3232       3.0277
    3233       3.2697
    3234       2.8715
    3235       2.6636
    3236       2.8294
    3237       2.8867
    3238       2.8549
    3239       2.7930
    3240       3.0579
    3241       3.2186
    3242       3.2116
    3243       2.9681
    3244       3.2156
    3245       2.7802
    3246       2.8842
    3247       2.8307
    3248       2.7040
    3249       2.8441
    3250       2.7296
    3251       2.9279
    3252       2.6818
    3253       2.8382
    3254       2.8040
    3255       2.8596
    3256       3.0909
    3257       2.8459
    3258       2.6607
    3259       2.7307
    3260       2.8260
    3261       2.7236
    3262       2.5373
    3263       2.6353
    3264       3.0069
    3265       2.8257
    3266       2.8857
    3267       2.8261
    3268       2.8850
    3269       2.7738
    3270       3.1240
    3271       3.0372
    3272       3.0177
    3273       2.8962
    3274       2.8172
    3275       2.8460
    3276       2.6064
    3277       2.7842
    3278       2.8959
    3279       2.8232
    3280       2.8263
    3281       2.8821
    3282       2.8823
    3283       2.7660
    3284       2.7280
    3285       2.7399
    3286       2.8754
    3287       2.7848
    3288       2.8246
    3289       2.6625
    3290       2.6285
    3291       2.6812
    3292       2.7605
    3293       2.7761
    3294       2.7750
    3295       2.6858
    3296       2.7117
    3297       2.7587
    3298       2.6217
    3299       2.8026
    3300       2.7113
    3301       2.8748
    3302       2.7642
    3303       2.9238
    3304       2.9722
    3305       2.6872
    3306       2.9745
    3307       3.1413
    3308       3.1820
    3309       2.9152
    3310       2.9885
    3311       2.8229
    3312       2.7029
    3313       2.7428
    3314       3.1218
    3315       2.8653
    3316       3.1172
    3317       3.0062
    3318       2.7719
    3319       2.9624
    3320       2.9557
    3321       3.0556
    3322       3.3275
    3323       3.2868
    3324       3.2034
    3325       3.3653
    3326       3.3195
    3327       3.0694
    3328       3.1206
    3329       3.0862
    3330       3.1403
    3331       3.1585
    3332       3.0706
    3333       3.1642
    3334       3.0471
    3335       2.8567
    3336       2.9284
    3337       3.1060
    3338       2.9123
    3339       3.3373
    3340       2.6896
    3341       2.7160
    3342       2.9337
    3343       3.0865
    3344       2.7981
    3345       2.9004
    3346       2.8415
    3347       2.8938
    3348       2.7007
    3349       2.5894
    3350       2.6131
    3351       2.6572
    3352       3.0376
    3353       2.9303
    3354       2.8855
    3355       3.3691
    3356       3.1092
    3357       2.8319
    3358       2.9712
    3359       3.1598
    3360       3.0432
    3361       3.1495
    3362       2.9823
    3363       2.7146
    3364       2.8785
    3365       3.0640
    3366       3.1988
    3367       2.8599
    3368       3.0277
    3369       2.9405
    3370       2.7867
    3371       2.8435
    3372       2.6784
    3373       2.7983
    3374       2.9947
    3375       2.7531
    3376       2.7481
    3377       3.0078
    3378       2.8761
    3379       2.9382
    3380       2.8162
    3381       2.8544
    3382       2.6424
    3383       2.8757
    3384       3.0542
    3385       2.9134
    3386       2.7882
    3387       3.0375
    3388       3.1258
    3389       3.1110
    3390       3.0885
    3391       2.9876
    3392       2.6893
    3393       2.8127
    3394       2.9704
    3395       2.8022
    3396       3.0158
    3397       2.8938
    3398       2.8978
    3399       3.0640
    3400       3.0568
    3401       3.0673
    3402       2.7840
    3403       2.9859
    3404       2.7718
    3405       2.7360
    3406       2.7190
    3407       2.6672
    3408       2.6546
    3409       2.6236
    3410       2.8228
    3411       2.7800
    3412       2.6900
    3413       2.5650
    3414       2.7064
    3415       3.0042
    3416       2.7263
    3417       2.8026
    3418       2.5566
    3419       2.4988
    3420       2.7107
    3421       2.6579
    3422       2.8937
    3423       3.0779
    3424       2.8814
    3425       2.9950
    3426       2.8350
    3427       2.9712
    3428       3.0640
    3429       3.1137
    3430       3.0561
    3431       3.0316
    3432       3.4106
    3433       3.0843
    3434       3.1501
    3435       2.9142
    3436       2.9901
    3437       2.9990
    3438       2.6993
    3439       2.8935
    3440       3.2177
    3441       2.8895
    3442       2.9991
    3443       2.8422
    3444       3.0188
    3445       3.0605
    3446       2.8915
    3447       2.8588
    3448       2.8005
    3449       2.7412
    3450       2.7364
    3451       2.7260
    3452       2.8629
    3453       2.6730
    3454       2.9154
    3455       2.6690
    3456       2.6776
    3457       2.7305
    3458       2.9925
    3459       2.8170
    3460       2.7283
    3461       2.8508
    3462       2.8050
    3463       2.9543
    3464       2.7130
    3465       2.8082
    3466       2.9866
    3467       2.7045
    3468       2.7788
    3469       2.8268
    3470       2.7704
    3471       2.7120
    3472       2.7984
    3473       2.8552
    3474       2.8240
    3475       2.9757
    3476       2.9284
    3477       2.9164
    3478       2.9724
    3479       2.9224
    3480       2.9273
    3481       2.8452
    3482       3.0504
    3483       3.1787
    3484       2.8188
    3485       2.7378
    3486       2.8270
    3487       2.7180
    3488       2.8751
    3489       2.8209
    3490       2.8667
    3491       2.9335
    3492       2.7976
    3493       2.5637
    3494       2.8690
    3495       2.6495
    3496       2.7197
    3497       2.9636
    3498       2.8261
    3499       2.7174
    3500       2.7031
    3501       2.7868
    3502       3.0165
    3503       2.7451
    3504       2.7785
    3505       2.6024
    3506       2.7023
    3507       2.7166
    3508       2.7157
    3509       2.8521
    3510       2.7639
    3511       2.7776
    3512       2.7540
    3513       2.7577
    3514       2.7140
    3515       2.6724
    3516       2.6747
    3517       2.7245
    3518       2.8049
    3519       2.7389
    3520       2.7164
    3521       2.6950
    3522       2.6412
    3523       2.6454
    3524       2.7628
    3525       2.7960
    3526       2.7640
    3527       2.7015
    3528       2.6234
    3529       2.7250
    3530       2.6335
    3531       2.9020
    3532       2.7916
    3533       2.7965
    3534       2.7842
    3535       2.6279
    3536       2.7348
    3537       2.6682
    3538       2.7946
    3539       2.8251
    3540       2.7532
    3541       2.7867
    3542       2.8030
    3543       2.6180
    3544       2.9185
    3545       2.7426
    3546       2.8479
    3547       3.1288
    3548       2.9752
    3549       2.8737
    3550       2.7169
    3551       2.8154
    3552       2.8846
    3553       2.9387
    3554       3.0272
    3555       2.9235
    3556       2.7214
    3557       3.1883
    3558       3.0543
    3559       3.2350
    3560       3.0226
    3561       3.0599
    3562       2.8067
    3563       2.7921
    3564       3.0121
    3565       3.0618
    3566       2.8261
    3567       2.9239
    3568       2.9456
    3569       2.9203
    3570       2.7789
    3571       2.8928
    3572       3.2289
    3573       2.8954
    3574       2.8338
    3575       2.9887
    3576       3.1774
    3577       3.0909
    3578       3.1919
    3579       2.7708
    3580       2.9049
    3581       2.7439
    3582       2.8676
    3583       2.8361
    3584       2.8950
    3585       2.7049
    3586       3.0554
    3587       3.2485
    3588       2.9135
    3589       2.9696
    3590       2.9361
    3591       2.8059
    3592       2.9796
    3593       2.7552
    3594       2.8771
    3595       2.7022
    3596       2.9929
    3597       2.8691
    3598       2.7490
    3599       2.7107
    3600       2.6579
    3601       2.6960
    3602       2.7345
    3603       2.8448
    3604       2.8825
    3605       3.1097
    3606       3.1175
    3607       2.9050
    3608       2.8349
    3609       3.0301
    3610       2.8549
    3611       3.0428
    3612       3.4411
    3613       3.2150
    3614       3.0410
    3615       3.0944
    3616       3.1170
    3617       2.9190
    3618       3.1900
    3619       3.1587
    3620       2.9018
    3621       2.7297
    3622       3.0085
    3623       3.0598
    3624       2.7616
    3625       2.6871
    3626       2.6057
    3627       2.6438
    3628       2.6338
    3629       2.8604
    3630       2.6931
    3631       2.7186
    3632       2.6675
    3633       2.9509
    3634       2.7733
    3635       2.7463
    3636       2.9061
    3637       2.9425
    3638       2.8534
    3639       2.7655
    3640       2.7793
    3641       2.8214
    3642       2.9460
    3643       2.7848
    3644       2.7642
    3645       2.6226
    3646       2.8676
    3647       2.8354
    3648       2.7229
    3649       2.9352
    3650       3.0081
    3651       2.7750
    3652       2.6639
    3653       2.6392
    3654       2.7480
    3655       2.8768
    3656       2.9246
    3657       2.8418
    3658       2.7922
    3659       2.5633
    3660       2.5583
    3661       2.5562
    3662       2.7768
    3663       2.5528
    3664       2.6974
    3665       2.6793
    3666       2.7320
    3667       2.8747
    3668       3.2648
    3669       3.1450
    3670       2.9452
    3671       2.9228
    3672       3.1335
    3673       3.1471
    3674       2.9014
    3675       2.8987
    3676       2.7421
    3677       3.0725
    3678       2.8330
    3679       2.8107
    3680       2.7001
    3681       2.9456
    3682       2.8123
    3683       3.1382
    3684       2.8968
    3685       2.8323
    3686       2.8385
    3687       3.0116
    3688       2.8938
    3689       2.9269
    3690       2.9271
    3691       2.9470
    3692       2.7925
    3693       2.7285
    3694       2.7691
    3695       3.1193
    3696       2.9118
    3697       3.0208
    3698       3.1804
    3699       2.8988
    3700       2.9430
    3701       3.1587
    3702       3.0172
    3703       2.9797
    3704       2.9105
    3705       2.8274
    3706       2.7954
    3707       2.7001
    3708       2.6627
    3709       3.0484
    3710       2.9854
    3711       3.0472
    3712       2.9471
    3713       3.0158
    3714       3.0817
    3715       3.5091
    3716       3.1391
    3717       2.5769
    3718       2.7139
    3719       2.8108
    3720       2.7573
    3721       3.1769
    3722       2.9182
    3723       2.6876
    3724       2.7634
    3725       2.6972
    3726       2.8741
    3727       2.6502
    3728       2.6098
    3729       2.5821
    3730       2.7245
    3731       2.9847
    3732       2.7439
    3733       3.0112
    3734       2.9914
    3735       2.8693
    3736       3.1670
    3737       2.7965
    3738       2.8464
    3739       2.7012
    3740       3.0214
    3741       2.8809
    3742       2.6623
    3743       2.8050
    3744       3.0687
    3745       3.0635
    3746       3.0828
    3747       3.0274
    3748       3.3214
    3749       2.8760
    3750       2.9373
    3751       3.1894
    3752       3.0800
    3753       2.8734
    3754       2.9847
    3755       2.7808
    3756       2.6694
    3757       2.6306
    3758       2.7525
    3759       2.8936
    3760       2.8425
    3761       3.0593
    3762       2.7627
    3763       2.8084
    3764       2.8176
    3765       2.7838
    3766       2.7278
    3767       2.8396
    3768       2.8570
    3769       2.6750
    3770       2.7627
    3771       2.7981
    3772       2.6876
    3773       2.8076
    3774       2.5855
    3775       2.6578
    3776       2.8323
    3777       3.0654
    3778       3.0259
    3779       2.8127
    3780       2.8549
    3781       3.0877
    3782       3.0180
    3783       2.8857
    3784       2.9398
    3785       2.8958
    3786       2.9629
    3787       2.9493
    3788       2.7297
    3789       2.8100
    3790       2.8316
    3791       2.8171
    3792       2.8235
    3793       2.7983
    3794       2.8494
    3795       2.6191
    3796       2.7813
    3797       2.5677
    3798       2.6932
    3799       2.7524
    3800       2.6240
    3801       2.7286
    3802       2.9295
    3803       2.7309
    3804       2.7621
    3805       2.8381
    3806       2.9718
    3807       3.0556
    3808       2.8604
    3809       3.0296
    3810       2.8081
    3811       2.8758
    3812       2.9419
    3813       3.1373
    3814       2.6354
    3815       2.7706
    3816       2.5620
    3817       2.8040
    3818       3.0404
    3819       2.7032
    3820       2.7326
    3821       2.6935
    3822       2.7629
    3823       2.6543
    3824       2.6670
    3825       2.7235
    3826       2.8074
    3827       2.8364
    3828       2.6358
    3829       2.6502
    3830       2.8752
    3831       2.7541
    3832       3.0555
    3833       2.6511
    3834       2.7280
    3835       2.6606
    3836       2.9497
    3837       2.7346
    3838       2.6076
    3839       2.9299
    3840       2.8876
    3841       2.7603
    3842       2.8717
    3843       2.9576
    3844       2.9396
    3845       2.8291
    3846       3.0599
    3847       2.9185
    3848       2.9792
    3849       2.9772
    3850       2.9796
    3851       3.0754
    3852       2.9053
    3853       2.6721
    3854       2.9290
    3855       2.7666
    3856       2.9376
    3857       2.9505
    3858       2.7880
    3859       2.7768
    3860       2.8785
    3861       2.8303
    3862       2.7590
    3863       2.8666
    3864       2.8476
    3865       2.5166
    3866       2.6859
    3867       2.8009
    3868       2.6730
    3869       2.6831
    3870       2.6166
    3871       2.9260
    3872       2.7992
    3873       2.6139
    3874       2.6389
    3875       2.6190
    3876       2.6683
    3877       2.7292
    3878       2.8120
    3879       2.7664
    3880       2.6017
    3881       2.7078
    3882       2.6953
    3883       2.7219
    3884       2.6323
    3885       2.8385
    3886       2.8757
    3887       2.7417
    3888       2.8223
    3889       3.1400
    3890       3.0298
    3891       2.7823
    3892       2.8444
    3893       2.6829
    3894       2.7340
    3895       2.7580
    3896       2.6722
    3897       2.6600
    3898       2.9139
    3899       2.7168
    3900       3.0984
    3901       2.5891
    3902       2.6729
    3903       2.6319
    3904       2.6963
    3905       2.8569
    3906       2.7928
    3907       2.6751
    3908       2.7284
    3909       2.7923
    3910       2.6454
    3911       2.7597
    3912       2.9136
    3913       2.7522
    3914       2.8079
    3915       2.8638
    3916       2.6896
    3917       2.8934
    3918       2.8714
    3919       2.7444
    3920       2.8557
    3921       2.8647
    3922       2.9180
    3923       2.9980
    3924       2.8285
    3925       2.9552
    3926       3.0944
    3927       2.9335
    3928       3.0255
    3929       3.0894
    3930       3.2342
    3931       3.3433
    3932       3.0520
    3933       2.8554
    3934       2.7651
    3935       2.9664
    3936       2.8082
    3937       2.9176
    3938       3.0364
    3939       2.9889
    3940       3.0191
    3941       2.9005
    3942       2.7462
    3943       2.7086
    3944       2.8719
    3945       2.9863
    3946       2.8983
    3947       2.7279
    3948       2.8039
    3949       2.8703
    3950       2.7641
    3951       2.7447
    3952       2.9072
    3953       2.9199
    3954       2.7367
    3955       2.7322
    3956       2.9456
    3957       2.7876
    3958       3.0010
    3959       3.0961
    3960       2.7987
    3961       2.8828
    3962       2.6286
    3963       2.7902
    3964       3.0066
    3965       3.1117
    3966       3.1888
    3967       3.0110
    3968       2.9830
    3969       2.7179
    3970       2.7646
    3971       2.5742
    3972       2.5319
    3973       2.5911
    3974       2.7049
    3975       3.0130
    3976       2.9467
    3977       2.8883
    3978       2.9259
    3979       2.8752
    3980       2.9577
    3981       2.8558
    3982       2.9173
    3983       3.0305
    3984       2.7092
    3985       2.5408
    3986       2.7421
    3987       2.6749
    3988       2.8634
    3989       2.7736
    3990       2.8708
    3991       2.7129
    3992       2.9089
    3993       2.7767
    3994       2.5711
    3995       2.5287
    3996       2.6321
    3997       2.6622
    3998       2.8880
    3999       2.6959
    4000       2.9150
