#Res        AtomicFlx
   1.000       5.0565
   2.000       4.1800
   3.000       2.2880
   4.000       3.3293
   5.000       2.3607
   6.000       2.4210
   7.000       3.0698
   8.000       2.2925
   9.000       2.5894
  10.000       2.3055
  11.000       2.1315
  12.000       2.0280
  13.000       1.9893
  14.000       1.4417
  15.000       2.6261
  16.000       1.1316
  17.000       1.2751
  18.000       0.9619
  19.000       0.7927
  20.000       0.7542
  21.000       0.7047
  22.000       1.1035
  23.000       1.6995
  24.000       0.7099
  25.000       0.7174
  26.000       0.9572
  27.000       1.3187
  28.000       0.8482
  29.000       1.3582
  30.000       1.3466
  31.000       1.2823
  32.000       1.0068
  33.000       1.4701
  34.000       1.2587
  35.000       1.0502
  36.000       0.7728
  37.000       0.5852
  38.000       0.5899
  39.000       0.6549
  40.000       0.7671
  41.000       1.0651
  42.000       1.3371
  43.000       1.3146
  44.000       1.5374
  45.000       1.0996
  46.000       1.2676
  47.000       0.9258
  48.000       0.8847
  49.000       1.7568
  50.000       0.9843
  51.000       0.7514
  52.000       0.9063
  53.000       1.4505
  54.000       0.8936
  55.000       0.9153
  56.000       0.7881
  57.000       1.8421
  58.000       1.1629
  59.000       0.7209
  60.000       0.7860
  61.000       0.7823
  62.000       0.9639
  63.000       1.1709
  64.000       1.2730
  65.000       1.3384
  66.000       1.6622
  67.000       1.6291
  68.000       1.2766
  69.000       2.3937
  70.000       2.1216
  71.000       1.2719
  72.000       1.5810
  73.000       1.6812
  74.000       1.8753
  75.000       1.1164
  76.000       1.7005
  77.000       1.6755
  78.000       1.6016
  79.000       1.7085
  80.000       1.1724
  81.000       1.2687
  82.000       1.8216
  83.000       1.6557
  84.000       0.8330
  85.000       0.9557
  86.000       0.9270
  87.000       0.9865
  88.000       1.1689
  89.000       1.0851
  90.000       1.5905
  91.000       1.2719
  92.000       2.0906
  93.000       2.0290
  94.000       1.3157
  95.000       1.3764
  96.000       1.1663
  97.000       1.4005
  98.000       1.7119
  99.000       1.5115
 100.000       0.8167
 101.000       0.8298
 102.000       0.7517
 103.000       0.6063
 104.000       0.5136
 105.000       0.5346
 106.000       1.0319
 107.000       0.8229
 108.000       0.9366
 109.000       0.7983
 110.000       0.8906
 111.000       0.9489
 112.000       0.8983
 113.000       1.0096
 114.000       0.9799
 115.000       1.2283
 116.000       1.1243
 117.000       1.4049
 118.000       1.0798
 119.000       1.1376
 120.000       0.9588
 121.000       0.6208
 122.000       0.7436
 123.000       1.1799
 124.000       0.7144
 125.000       0.7807
 126.000       1.0095
 127.000       0.9332
 128.000       0.8244
 129.000       1.1392
 130.000       1.2341
 131.000       1.3075
 132.000       0.7921
 133.000       0.8174
 134.000       0.6202
 135.000       0.8667
 136.000       0.5569
 137.000       0.5620
 138.000       0.8182
 139.000       0.7079
 140.000       0.8885
 141.000       0.7991
 142.000       0.7436
 143.000       0.7713
 144.000       0.5151
 145.000       0.5200
 146.000       0.6013
 147.000       0.6752
 148.000       0.8710
 149.000       1.4047
 150.000       1.6091
 151.000       0.7955
 152.000       0.7921
 153.000       1.4412
 154.000       1.3919
 155.000       0.9341
 156.000       1.4205
 157.000       1.3324
 158.000       1.3693
 159.000       1.6190
 160.000       2.5298
 161.000       2.6155
 162.000       2.1564
 163.000       3.1632
 164.000       4.2552
 165.000       3.9510
 166.000       4.6328
 167.000       6.1755
 168.000       6.4332
 169.000       5.3942
 170.000       4.9744
 171.000       4.6072
 172.000       5.3716
 173.000       4.7558
 174.000       4.1051
 175.000       3.0829
 176.000       4.3029
 177.000       2.6252
 178.000       2.4336
 179.000       2.3069
 180.000       2.0751
 181.000       1.4191
 182.000       1.4326
 183.000       1.0471
 184.000       0.9712
 185.000       1.5452
 186.000       1.1713
 187.000       0.7637
 188.000       0.7032
 189.000       0.8497
 190.000       1.3080
 191.000       1.4678
 192.000       1.1598
 193.000       1.3714
 194.000       1.2240
 195.000       1.7014
 196.000       0.9149
 197.000       0.7663
 198.000       0.7334
 199.000       0.6872
 200.000       1.3653
 201.000       0.7933
 202.000       0.9008
 203.000       1.0655
 204.000       1.0852
 205.000       0.8600
 206.000       0.9555
 207.000       0.7860
 208.000       0.8065
 209.000       1.0279
 210.000       1.4553
 211.000       0.7902
 212.000       1.4449
 213.000       1.1963
 214.000       1.0799
 215.000       1.3410
 216.000       1.2344
 217.000       1.7884
 218.000       1.3541
 219.000       0.8670
 220.000       1.1011
 221.000       0.8186
 222.000       0.8614
 223.000       0.7488
 224.000       1.4609
 225.000       0.7080
 226.000       1.6580
 227.000       0.8516
 228.000       1.0630
 229.000       1.5992
 230.000       0.9652
 231.000       0.7677
 232.000       0.8249
 233.000       0.6270
 234.000       0.5958
 235.000       0.5285
 236.000       0.7306
 237.000       0.5316
 238.000       0.6059
 239.000       0.6180
 240.000       0.6650
 241.000       0.8428
 242.000       0.8016
 243.000       0.5645
 244.000       0.7100
 245.000       0.8397
 246.000       0.9058
 247.000       1.2505
 248.000       1.2569
 249.000       1.3577
 250.000       0.9463
 251.000       0.7416
 252.000       1.4948
 253.000       0.8667
 254.000       0.7115
 255.000       0.6362
 256.000       0.6798
 257.000       0.9587
 258.000       1.0648
 259.000       1.2769
 260.000       1.4581
 261.000       1.7532
 262.000       1.4033
 263.000       1.0950
 264.000       1.0336
 265.000       1.2741
 266.000       0.7445
 267.000       0.7577
 268.000       0.9985
 269.000       0.6477
 270.000       0.6721
 271.000       0.9556
 272.000       1.3535
 273.000       0.9112
 274.000       0.7701
 275.000       0.9810
 276.000       1.2148
 277.000       0.7995
 278.000       1.2249
 279.000       0.9859
 280.000       0.9811
 281.000       0.9444
 282.000       1.0294
 283.000       0.8240
 284.000       0.9212
 285.000       0.6948
 286.000       0.8085
 287.000       0.7818
 288.000       0.8388
 289.000       0.8399
 290.000       1.0327
 291.000       0.9371
 292.000       0.9457
 293.000       1.7902
 294.000       1.0663
 295.000       1.5957
 296.000       0.8559
 297.000       0.7822
 298.000       1.0100
 299.000       0.8148
 300.000       0.7737
 301.000       0.8616
 302.000       0.9028
 303.000       0.6996
 304.000       1.3730
 305.000       1.0044
 306.000       1.9079
 307.000       1.5308
 308.000       1.8187
 309.000       1.6608
 310.000       1.2427
 311.000       1.5362
 312.000       0.7549
 313.000       0.9034
 314.000       0.7274
 315.000       1.0488
 316.000       0.7091
 317.000       0.9703
 318.000       0.7790
 319.000       1.0284
 320.000       1.3502
 321.000       0.9812
 322.000       1.1171
 323.000       1.8941
 324.000       1.2076
 325.000       3.0591
 326.000       3.7188
