#Frame            pro
       1       0.0000
       2       1.1403
       3       1.3205
       4       1.3567
       5       1.4463
       6       1.6623
       7       1.5345
       8       1.3157
       9       1.4361
      10       1.4001
      11       1.2197
      12       1.3313
      13       1.3648
      14       1.6483
      15       1.4872
      16       1.6211
      17       1.7225
      18       1.6577
      19       1.6599
      20       1.9338
      21       1.5899
      22       1.6365
      23       1.5006
      24       1.5615
      25       1.7937
      26       1.8043
      27       2.0876
      28       2.0200
      29       2.0080
      30       1.9510
      31       2.0512
      32       1.6652
      33       1.7310
      34       1.8770
      35       2.5546
      36       2.1263
      37       2.5267
      38       2.3805
      39       2.5006
      40       2.3996
      41       1.9366
      42       2.2134
      43       2.0121
      44       1.8638
      45       1.9037
      46       2.2577
      47       2.7186
      48       2.4185
      49       2.5110
      50       2.1503
      51       2.4786
      52       2.1638
      53       2.2687
      54       1.7876
      55       1.7269
      56       1.9207
      57       1.8822
      58       1.9303
      59       2.0081
      60       2.3483
      61       2.4134
      62       2.0995
      63       2.1549
      64       2.4413
      65       2.1422
      66       2.5436
      67       2.1873
      68       2.1143
      69       2.4168
      70       2.6713
      71       2.1765
      72       2.2455
      73       1.8731
      74       1.9333
      75       2.5216
      76       1.7529
      77       2.2644
      78       2.4027
      79       2.0698
      80       2.1756
      81       2.6741
      82       2.4771
      83       2.4270
      84       2.4343
      85       2.2913
      86       2.0242
      87       2.3338
      88       2.5466
      89       2.3039
      90       2.1340
      91       2.2268
      92       2.1053
      93       1.9556
      94       2.2118
      95       2.1883
      96       1.9590
      97       2.1055
      98       2.2435
      99       2.0177
     100       2.2816
     101       2.2588
     102       1.9346
     103       2.1086
     104       2.0198
     105       2.1799
     106       2.1493
     107       2.0302
     108       2.0547
     109       1.9656
     110       2.1114
     111       2.2451
     112       2.6170
     113       2.6341
     114       2.4224
     115       2.4634
     116       2.4698
     117       2.5038
     118       2.2576
     119       2.0564
     120       2.1710
     121       2.1367
     122       2.2661
     123       2.1632
     124       2.3933
     125       2.1761
     126       2.1956
     127       2.0225
     128       2.3315
     129       2.4207
     130       2.2938
     131       2.7375
     132       2.3937
     133       2.6918
     134       2.5826
     135       2.8213
     136       2.9377
     137       2.4664
     138       2.8369
     139       2.4686
     140       2.6579
     141       2.5124
     142       2.6011
     143       2.4189
     144       2.2503
     145       2.2595
     146       2.3987
     147       2.3561
     148       2.5869
     149       2.3696
     150       2.5118
     151       2.3885
     152       2.1969
     153       2.3600
     154       2.4896
     155       2.2214
     156       2.2736
     157       2.4841
     158       2.2624
     159       2.4136
     160       2.1858
     161       2.1378
     162       2.2639
     163       2.3902
     164       2.3097
     165       2.2169
     166       2.2394
     167       2.6531
     168       2.6521
     169       2.4962
     170       2.9032
     171       3.0767
     172       2.9386
     173       3.1647
     174       3.0388
     175       3.0081
     176       3.1074
     177       3.0185
     178       3.0406
     179       2.7875
     180       2.3774
     181       3.0059
     182       2.6331
     183       2.7983
     184       2.7950
     185       2.9368
     186       2.4013
     187       2.4051
     188       2.4094
     189       2.1993
     190       1.9327
     191       1.9951
     192       2.2027
     193       2.3710
     194       2.1415
     195       2.5239
     196       2.7326
     197       3.0058
     198       2.5779
     199       2.4471
     200       2.3995
     201       2.5749
     202       2.4808
     203       2.2791
     204       2.3417
     205       2.5998
     206       2.4111
     207       2.5650
     208       2.3742
     209       2.4401
     210       2.7960
     211       2.4720
     212       2.6544
     213       2.7784
     214       2.4806
     215       2.6023
     216       2.5788
     217       2.5058
     218       2.6453
     219       2.8257
     220       2.9076
     221       3.0380
     222       2.8484
     223       2.9032
     224       2.9929
     225       2.8418
     226       2.7701
     227       2.7736
     228       2.8288
     229       2.7949
     230       2.8427
     231       2.9029
     232       2.8907
     233       2.8144
     234       2.8571
     235       2.6064
     236       2.6240
     237       2.7398
     238       2.4283
     239       1.7979
     240       2.0801
     241       2.2852
     242       1.9888
     243       1.9708
     244       2.1008
     245       2.6113
     246       2.7665
     247       2.6413
     248       2.6644
     249       2.4616
     250       2.4521
     251       2.2712
     252       2.4832
     253       2.6347
     254       2.1966
     255       2.3887
     256       2.5017
     257       2.7925
     258       2.6946
     259       2.5695
     260       2.4673
     261       2.4761
     262       2.4251
     263       2.6503
     264       2.5582
     265       2.7122
     266       2.7101
     267       2.3997
     268       2.3985
     269       2.2451
     270       2.5720
     271       2.6293
     272       2.6852
     273       2.6745
     274       2.4503
     275       2.5971
     276       2.7415
     277       2.6842
     278       2.7529
     279       2.5906
     280       2.3637
     281       2.4105
     282       2.3235
     283       2.1540
     284       2.1104
     285       2.1511
     286       2.5579
     287       2.5087
     288       2.4928
     289       2.2852
     290       2.0795
     291       2.1988
     292       2.4124
     293       2.3956
     294       2.1644
     295       2.2662
     296       2.1281
     297       2.0636
     298       2.1133
     299       2.0268
     300       2.3000
     301       2.0681
     302       2.0168
     303       1.8803
     304       1.9546
     305       2.2559
     306       1.8439
     307       2.2317
     308       2.3745
     309       2.2115
     310       2.1107
     311       2.1198
     312       2.1328
     313       2.3114
     314       2.2268
     315       2.1965
     316       2.0696
     317       2.5305
     318       2.1793
     319       2.4721
     320       2.2773
     321       2.2064
     322       2.4935
     323       2.5838
     324       2.4394
     325       2.7288
     326       2.5436
     327       2.4179
     328       2.3171
     329       2.6580
     330       2.2286
     331       2.2656
     332       2.5417
     333       2.0168
     334       2.0195
     335       2.1234
     336       2.0268
     337       1.9294
     338       1.8363
     339       1.7085
     340       2.0229
     341       2.0307
     342       2.3167
     343       2.2414
     344       2.2684
     345       2.1479
     346       2.1963
     347       2.2266
     348       2.1684
     349       2.3428
     350       2.3218
     351       2.5854
     352       2.4113
     353       2.1492
     354       2.6210
     355       2.4055
     356       2.4520
     357       2.3571
     358       2.2190
     359       2.3086
     360       2.2844
     361       2.0866
     362       2.2050
     363       2.2397
     364       2.2211
     365       2.6031
     366       2.7075
     367       2.5651
     368       2.5228
     369       2.4794
     370       2.3958
     371       2.6338
     372       2.2780
     373       2.2638
     374       2.2694
     375       2.3981
     376       2.4914
     377       2.2951
     378       1.9241
     379       2.3872
     380       2.5822
     381       2.5237
     382       2.2972
     383       2.3351
     384       2.2996
     385       2.1337
     386       2.1420
     387       2.2705
     388       2.4952
     389       2.5093
     390       2.3114
     391       2.7020
     392       2.6328
     393       2.5181
     394       2.2988
     395       2.1960
     396       2.3084
     397       2.7964
     398       2.5675
     399       2.4495
     400       2.3681
     401       2.4238
     402       2.5118
     403       2.4028
     404       2.4119
     405       2.6923
     406       2.4843
     407       3.0248
     408       2.8109
     409       2.7817
     410       2.5769
     411       2.4772
     412       2.5552
     413       2.6918
     414       2.8701
     415       2.8089
     416       2.7154
     417       2.6596
     418       3.1411
     419       2.7878
     420       3.1205
     421       3.0524
     422       2.8084
     423       2.5367
     424       2.3884
     425       2.6919
     426       3.0685
     427       2.5265
     428       2.4329
     429       2.5420
     430       2.5030
     431       2.4767
     432       2.5036
     433       2.5307
     434       2.4468
     435       2.6617
     436       2.6908
     437       2.5576
     438       2.5478
     439       2.7887
     440       2.7167
     441       2.3569
     442       2.2368
     443       2.3333
     444       2.4042
     445       2.3701
     446       2.6610
     447       2.7591
     448       3.2990
     449       3.2506
     450       3.0117
     451       2.5582
     452       2.2094
     453       2.3351
     454       2.3723
     455       2.4153
     456       2.4002
     457       2.1287
     458       2.3099
     459       2.3253
     460       2.4345
     461       2.4076
     462       2.4244
     463       2.4727
     464       2.3801
     465       2.5124
     466       2.3846
     467       2.4733
     468       2.4201
     469       1.9165
     470       2.3262
     471       2.4217
     472       2.2784
     473       1.9515
     474       2.0796
     475       2.1066
     476       2.1178
     477       2.2185
     478       2.1265
     479       2.2524
     480       2.1458
     481       2.0462
     482       2.1483
     483       2.2987
     484       2.2492
     485       2.1316
     486       2.3715
     487       2.3846
     488       2.1859
     489       2.3211
     490       2.4997
     491       2.3974
     492       2.3529
     493       2.3382
     494       2.2977
     495       2.2522
     496       2.4948
     497       2.4629
     498       2.3438
     499       2.5257
     500       2.4513
     501       2.6156
     502       2.6259
     503       2.5326
     504       2.4853
     505       2.3397
     506       2.3010
     507       2.4238
     508       2.5821
     509       2.2456
     510       2.3353
     511       2.3401
     512       2.7109
     513       2.3654
     514       2.5865
     515       2.5247
     516       2.4167
     517       2.5336
     518       2.3845
     519       2.3528
     520       2.3925
     521       2.5910
     522       2.4555
     523       2.5369
     524       2.5472
     525       2.4223
     526       2.5758
     527       2.7098
     528       2.4294
     529       2.5587
     530       2.6973
     531       2.5938
     532       2.3377
     533       2.7793
     534       2.3232
     535       2.9206
     536       2.5279
     537       2.4184
     538       2.3112
     539       2.5089
     540       2.5798
     541       2.3634
     542       2.5455
     543       2.5505
     544       2.7078
     545       2.5214
     546       2.6390
     547       2.6186
     548       2.5975
     549       2.3979
     550       2.7490
     551       2.8757
     552       2.6147
     553       2.4774
     554       2.6096
     555       2.7926
     556       2.7465
     557       2.8057
     558       2.8707
     559       2.7074
     560       2.6084
     561       2.5860
     562       2.6954
     563       2.6856
     564       2.9329
     565       2.6816
     566       2.7696
     567       3.0914
     568       2.5401
     569       2.5808
     570       2.7169
     571       2.5374
     572       2.7195
     573       2.4637
     574       2.7088
     575       2.7912
     576       2.3769
     577       2.4419
     578       2.4073
     579       2.5210
     580       2.2088
     581       2.6932
     582       2.5135
     583       2.2555
     584       2.2524
     585       2.2255
     586       2.2160
     587       2.1402
     588       2.2236
     589       2.2710
     590       2.5195
     591       2.5043
     592       2.5753
     593       2.5267
     594       2.4529
     595       2.6821
     596       2.7522
     597       2.6716
     598       2.7306
     599       2.6049
     600       2.5783
     601       2.7077
     602       2.6918
     603       3.3645
     604       2.6782
     605       2.5878
     606       2.5835
     607       2.7520
     608       2.8288
     609       2.7198
     610       2.6722
     611       2.5780
     612       2.8329
     613       3.0046
     614       3.0300
     615       2.7500
     616       2.7074
     617       2.6050
     618       2.3336
     619       2.6948
     620       2.8722
     621       2.8687
     622       2.7090
     623       2.7846
     624       2.7671
     625       2.6514
     626       2.7319
     627       2.7212
     628       2.9189
     629       2.7699
     630       2.7082
     631       2.5556
     632       2.4866
     633       2.5102
     634       2.4315
     635       2.3853
     636       2.7682
     637       2.4227
     638       2.5791
     639       2.5628
     640       2.6348
     641       2.7335
     642       2.6574
     643       2.6818
     644       2.7784
     645       2.6949
     646       2.6230
     647       2.8684
     648       2.7608
     649       2.9998
     650       2.8786
     651       3.0772
     652       3.2174
     653       2.9357
     654       3.1420
     655       2.9869
     656       2.9232
     657       2.8914
     658       2.5858
     659       2.5953
     660       2.4582
     661       2.6269
     662       2.8022
     663       2.9154
     664       2.6622
     665       2.6627
     666       2.7513
     667       3.0544
     668       3.1236
     669       3.2320
     670       3.2283
     671       3.0276
     672       2.9454
     673       3.3087
     674       3.1439
     675       2.9442
     676       2.9748
     677       3.0395
     678       3.1481
     679       2.6400
     680       2.7664
     681       2.4675
     682       2.6695
     683       2.9029
     684       2.7738
     685       2.8784
     686       2.6660
     687       2.7273
     688       2.8391
     689       2.9435
     690       2.8674
     691       3.1568
     692       2.7108
     693       3.0376
     694       2.7177
     695       3.1532
     696       3.1892
     697       3.2557
     698       2.9591
     699       2.7640
     700       2.7593
     701       2.8647
     702       2.8309
     703       2.7013
     704       2.8263
     705       3.0240
     706       3.0096
     707       2.9960
     708       2.8817
     709       3.1315
     710       3.0706
     711       3.0162
     712       2.9962
     713       2.8379
     714       2.9762
     715       3.0833
     716       2.9183
     717       3.0981
     718       2.8239
     719       2.7794
     720       2.9665
     721       2.9418
     722       2.8509
     723       2.9900
     724       3.2300
     725       3.3609
     726       3.1546
     727       3.2299
     728       3.1897
     729       3.1447
     730       3.1245
     731       3.1553
     732       2.9551
     733       2.9151
     734       3.1815
     735       3.1116
     736       2.6084
     737       2.7676
     738       2.6283
     739       2.6556
     740       2.8052
     741       2.6687
     742       2.8176
     743       2.8918
     744       2.6747
     745       2.7280
     746       2.7603
     747       2.8301
     748       2.7797
     749       2.6551
     750       2.6060
     751       2.5745
     752       2.8467
     753       2.7120
     754       2.7046
     755       2.7258
     756       3.0388
     757       3.1955
     758       2.9839
     759       2.8343
     760       2.9599
     761       3.0117
     762       2.7275
     763       2.7555
     764       2.6815
     765       2.8409
     766       2.7774
     767       2.6421
     768       3.0959
     769       2.8624
     770       2.8179
     771       2.9603
     772       2.8947
     773       2.7928
     774       2.7752
     775       2.9710
     776       2.8241
     777       2.9395
     778       3.0077
     779       2.9417
     780       3.0831
     781       2.9954
     782       2.8079
     783       2.9970
     784       2.7948
     785       3.0934
     786       2.6945
     787       2.7765
     788       2.5974
     789       2.6648
     790       2.5601
     791       2.9093
     792       2.8551
     793       2.5014
     794       2.7122
     795       2.5636
     796       2.6927
     797       2.4655
     798       2.3698
     799       2.3985
     800       2.6016
     801       2.4419
     802       2.3231
     803       2.5886
     804       2.7305
     805       2.5391
     806       2.8233
     807       2.7169
     808       2.3219
     809       2.6882
     810       2.8113
     811       2.8579
     812       2.6221
     813       2.9608
     814       3.1049
     815       3.3257
     816       3.2274
     817       3.3458
     818       3.1916
     819       2.9840
     820       2.9913
     821       3.1038
     822       3.1001
     823       3.1102
     824       3.3243
     825       3.1094
     826       3.0179
     827       3.2700
     828       3.1054
     829       3.3283
     830       3.2604
     831       3.4408
     832       3.2093
     833       3.2678
     834       3.3789
     835       2.8822
     836       3.1038
     837       3.0130
     838       2.8527
     839       3.1255
     840       2.8914
     841       2.8565
     842       2.8912
     843       3.1969
     844       3.1101
     845       3.4540
     846       3.9584
     847       3.6649
     848       3.3741
     849       3.4985
     850       3.3798
     851       3.3925
     852       3.3047
     853       3.2556
     854       3.2969
     855       3.5637
     856       3.5547
     857       3.1683
     858       2.7794
     859       3.0749
     860       3.2365
     861       3.0921
     862       3.5309
     863       3.3831
     864       3.1608
     865       3.0203
     866       3.2667
     867       3.3065
     868       3.3723
     869       3.5358
     870       3.3796
     871       3.3797
     872       3.3505
     873       3.4223
     874       3.3440
     875       3.3222
     876       3.7571
     877       3.7336
     878       3.6690
     879       3.1287
     880       3.5438
     881       3.0611
     882       3.5016
     883       3.8137
     884       3.6048
     885       3.5064
     886       3.6855
     887       3.2629
     888       3.3182
     889       3.4395
     890       3.4621
     891       3.7216
     892       3.3502
     893       3.5067
     894       3.4843
     895       3.6352
     896       3.6524
     897       3.5669
     898       3.5263
     899       3.6077
     900       3.9019
     901       3.5796
     902       3.5386
     903       3.6798
     904       3.5850
     905       3.6438
     906       3.3302
     907       3.5091
     908       3.5137
     909       3.4383
     910       3.3700
     911       3.2984
     912       3.5523
     913       3.2314
     914       3.4463
     915       3.5226
     916       3.6837
     917       3.7073
     918       3.0869
     919       3.3209
     920       3.2361
     921       3.4225
     922       3.4552
     923       3.2759
     924       3.3271
     925       3.2116
     926       3.3953
     927       3.5600
     928       3.5592
     929       3.6482
     930       3.5986
     931       3.6572
     932       3.5344
     933       3.7315
     934       3.4238
     935       3.3537
     936       3.3851
     937       3.5646
     938       3.5497
     939       3.1724
     940       3.2715
     941       3.4441
     942       3.4875
     943       3.2956
     944       3.3537
     945       3.1884
     946       3.3284
     947       3.1857
     948       3.3271
     949       3.3595
     950       3.7997
     951       3.2616
     952       3.2279
     953       3.2625
     954       3.6365
     955       3.0604
     956       2.8965
     957       3.2906
     958       3.3724
     959       3.5561
     960       3.4654
     961       3.2599
     962       3.2891
     963       3.2991
     964       3.1785
     965       3.4878
     966       3.4321
     967       3.5343
     968       3.3143
     969       3.4755
     970       3.3530
     971       3.6706
     972       3.2513
     973       3.2101
     974       3.6170
     975       3.2151
     976       3.3362
     977       3.6470
     978       3.3734
     979       3.5799
     980       3.3233
     981       3.5102
     982       3.4303
     983       3.0836
     984       3.1745
     985       3.3332
     986       3.3954
     987       3.5187
     988       3.3846
     989       3.2523
     990       3.4219
     991       3.3355
     992       3.3297
     993       3.3165
     994       3.1375
     995       3.3295
     996       3.3857
     997       3.3113
     998       3.3002
     999       3.0002
    1000       3.4040
    1001       3.2217
    1002       3.4371
    1003       2.9418
    1004       3.0878
    1005       2.7546
    1006       2.8949
    1007       2.9227
    1008       3.2956
    1009       3.2981
    1010       3.2501
    1011       3.3754
    1012       2.9226
    1013       3.1656
    1014       2.9886
    1015       2.6851
    1016       2.9468
    1017       3.4141
    1018       2.8734
    1019       3.0649
    1020       3.4156
    1021       3.2286
    1022       3.4238
    1023       3.4469
    1024       3.2242
    1025       3.4554
    1026       3.1648
    1027       3.1689
    1028       3.1817
    1029       3.3168
    1030       3.1407
    1031       3.4018
    1032       2.9793
    1033       2.9641
    1034       2.9915
    1035       2.9910
    1036       2.9622
    1037       3.1837
    1038       3.0169
    1039       3.3277
    1040       3.2080
    1041       2.7299
    1042       3.0526
    1043       3.1482
    1044       3.2882
    1045       3.1587
    1046       3.3377
    1047       3.3826
    1048       3.4820
    1049       3.6406
    1050       3.2707
    1051       3.1632
    1052       3.2851
    1053       3.2221
    1054       3.3198
    1055       3.5788
    1056       3.4612
    1057       3.2499
    1058       3.2382
    1059       3.4048
    1060       3.7263
    1061       3.7791
    1062       3.4916
    1063       3.3523
    1064       3.4759
    1065       3.9011
    1066       3.5717
    1067       3.3388
    1068       3.6738
    1069       3.5565
    1070       3.7301
    1071       3.7545
    1072       3.8976
    1073       3.7259
    1074       3.8589
    1075       3.3725
    1076       3.3197
    1077       3.4010
    1078       3.4533
    1079       3.3789
    1080       3.3940
    1081       3.5396
    1082       3.4583
    1083       3.7885
    1084       3.6076
    1085       3.7514
    1086       3.6969
    1087       3.6193
    1088       3.4893
    1089       3.4475
    1090       3.9537
    1091       3.7846
    1092       4.2162
    1093       4.2740
    1094       3.7327
    1095       3.6892
    1096       3.8984
    1097       4.0858
    1098       3.7021
    1099       3.7419
    1100       3.5413
    1101       3.4105
    1102       3.4208
    1103       3.6934
    1104       3.6509
    1105       3.3774
    1106       3.2930
    1107       3.5662
    1108       3.7054
    1109       3.5476
    1110       3.7459
    1111       3.6303
    1112       3.2078
    1113       3.7018
    1114       3.6300
    1115       3.4485
    1116       3.2910
    1117       3.2870
    1118       3.4153
    1119       3.6059
    1120       3.3362
    1121       3.6254
    1122       3.4089
    1123       3.3466
    1124       3.3253
    1125       3.4106
    1126       3.6060
    1127       3.4235
    1128       3.9321
    1129       3.6997
    1130       3.7161
    1131       3.4679
    1132       3.5320
    1133       3.5332
    1134       3.5168
    1135       3.4613
    1136       3.5143
    1137       3.4151
    1138       3.5896
    1139       3.4297
    1140       3.1728
    1141       3.4017
    1142       3.4766
    1143       3.6564
    1144       3.7448
    1145       3.3114
    1146       3.3060
    1147       3.2858
    1148       3.3994
    1149       3.3847
    1150       3.1164
    1151       3.2767
    1152       3.5603
    1153       3.2987
    1154       3.4589
    1155       3.5144
    1156       3.4951
    1157       3.2703
    1158       3.4918
    1159       3.4896
    1160       3.3827
    1161       3.5372
    1162       3.6730
    1163       3.3387
    1164       3.3555
    1165       3.2181
    1166       3.4485
    1167       3.7903
    1168       3.5733
    1169       3.4317
    1170       3.3427
    1171       3.2955
    1172       3.1951
    1173       3.2802
    1174       3.0654
    1175       3.5680
    1176       3.2121
    1177       3.3637
    1178       3.1405
    1179       3.4181
    1180       3.2789
    1181       3.3831
    1182       3.5834
    1183       3.6757
    1184       3.4328
    1185       3.2173
    1186       3.3900
    1187       3.0180
    1188       2.9373
    1189       3.1447
    1190       2.8033
    1191       2.8105
    1192       2.8528
    1193       2.8657
    1194       2.6050
    1195       2.9881
    1196       2.8305
    1197       3.0336
    1198       3.1820
    1199       3.0474
    1200       3.2932
    1201       3.2351
    1202       3.5260
    1203       3.0258
    1204       2.9427
    1205       3.0781
    1206       3.0365
    1207       2.7970
    1208       2.9069
    1209       2.8541
    1210       2.9506
    1211       3.0639
    1212       3.0431
    1213       3.0677
    1214       2.9300
    1215       2.7340
    1216       2.9688
    1217       2.8909
    1218       2.9643
    1219       2.8547
    1220       2.9699
    1221       2.7771
    1222       3.0171
    1223       2.7321
    1224       3.0430
    1225       2.9445
    1226       2.9342
    1227       3.2791
    1228       3.3085
    1229       3.2492
    1230       3.1628
    1231       2.8899
    1232       3.0418
    1233       3.2279
    1234       3.5088
    1235       3.5710
    1236       3.2092
    1237       3.5222
    1238       3.5722
    1239       3.2120
    1240       3.2575
    1241       3.4844
    1242       3.1469
    1243       3.0802
    1244       2.9284
    1245       2.9507
    1246       3.1079
    1247       2.9305
    1248       2.9005
    1249       3.1418
    1250       2.9687
    1251       3.1323
    1252       3.2026
    1253       3.0956
    1254       3.3339
    1255       2.8913
    1256       3.2161
    1257       3.2941
    1258       3.3849
    1259       3.0422
    1260       3.0597
    1261       3.2521
    1262       3.1092
    1263       3.1372
    1264       2.8710
    1265       2.8553
    1266       3.1273
    1267       2.8995
    1268       3.0549
    1269       3.1239
    1270       3.1131
    1271       3.1639
    1272       3.3448
    1273       3.1858
    1274       3.3457
    1275       3.8814
    1276       3.5392
    1277       3.2754
    1278       3.5532
    1279       3.2241
    1280       3.4012
    1281       3.1407
    1282       3.2981
    1283       3.1680
    1284       3.2124
    1285       3.2628
    1286       3.0544
    1287       3.3936
    1288       3.5123
    1289       3.4989
    1290       3.4755
    1291       3.3837
    1292       3.5124
    1293       3.3965
    1294       3.7686
    1295       3.6785
    1296       3.6124
    1297       3.2487
    1298       3.5424
    1299       3.6680
    1300       3.5173
    1301       3.4616
    1302       3.8174
    1303       3.8691
    1304       3.5967
    1305       3.3688
    1306       3.5140
    1307       3.9670
    1308       3.4878
    1309       3.4808
    1310       3.6289
    1311       3.6138
    1312       3.4366
    1313       3.6232
    1314       3.5571
    1315       3.3442
    1316       3.6386
    1317       3.5315
    1318       3.4528
    1319       3.3669
    1320       3.1450
    1321       3.2476
    1322       3.1795
    1323       3.2951
    1324       3.1312
    1325       3.1615
    1326       3.2234
    1327       3.3676
    1328       3.3990
    1329       3.3023
    1330       2.9886
    1331       3.0167
    1332       3.1561
    1333       3.4557
    1334       3.5768
    1335       3.4786
    1336       3.3623
    1337       3.2837
    1338       3.0192
    1339       3.0987
    1340       3.0074
    1341       2.9393
    1342       2.9894
    1343       3.1156
    1344       3.0287
    1345       3.1480
    1346       3.3326
    1347       3.3622
    1348       3.2109
    1349       3.3327
    1350       3.3566
    1351       3.1045
    1352       3.2145
    1353       3.1555
    1354       3.2861
    1355       3.2396
    1356       3.3079
    1357       2.8586
    1358       3.1245
    1359       3.4790
    1360       3.4714
    1361       3.1223
    1362       3.1341
    1363       3.1362
    1364       3.6730
    1365       3.3380
    1366       3.2849
    1367       3.3666
    1368       3.0660
    1369       3.2472
    1370       3.0560
    1371       3.1960
    1372       3.0573
    1373       3.0897
    1374       3.0264
    1375       3.3605
    1376       3.1274
    1377       3.4880
    1378       3.0521
    1379       3.0570
    1380       3.2070
    1381       3.0681
    1382       3.1874
    1383       3.4098
    1384       3.0796
    1385       3.0869
    1386       3.3771
    1387       3.3742
    1388       3.4914
    1389       3.2555
    1390       3.4696
    1391       3.1258
    1392       3.2764
    1393       2.9423
    1394       2.9384
    1395       3.2019
    1396       3.0403
    1397       3.0214
    1398       3.3430
    1399       3.2361
    1400       3.0025
    1401       2.7344
    1402       2.9802
    1403       2.7950
    1404       3.0259
    1405       3.0564
    1406       2.9614
    1407       2.9853
    1408       2.9738
    1409       3.1313
    1410       3.0342
    1411       2.8767
    1412       3.1348
    1413       3.0545
    1414       3.0251
    1415       3.0080
    1416       3.0816
    1417       3.2392
    1418       3.1903
    1419       3.0855
    1420       3.5760
    1421       3.3867
    1422       3.4086
    1423       2.9953
    1424       3.1396
    1425       3.2291
    1426       3.0040
    1427       2.9921
    1428       3.1330
    1429       3.0542
    1430       3.2421
    1431       3.2682
    1432       3.1924
    1433       3.0079
    1434       3.0368
    1435       2.8620
    1436       3.2051
    1437       3.2326
    1438       3.4290
    1439       3.4546
    1440       3.7343
    1441       3.5576
    1442       3.0365
    1443       3.4081
    1444       3.4733
    1445       3.2310
    1446       2.8829
    1447       2.8494
    1448       3.0689
    1449       3.0747
    1450       2.8122
    1451       3.2358
    1452       2.8698
    1453       3.0079
    1454       2.9779
    1455       3.0391
    1456       3.1052
    1457       3.2688
    1458       3.2624
    1459       3.0461
    1460       3.2084
    1461       3.2122
    1462       3.4465
    1463       3.1339
    1464       2.8840
    1465       3.0430
    1466       2.9313
    1467       2.9811
    1468       3.0641
    1469       3.2306
    1470       3.0190
    1471       3.3711
    1472       3.5137
    1473       3.4346
    1474       3.1258
    1475       3.3160
    1476       3.4990
    1477       3.4431
    1478       3.3988
    1479       3.1134
    1480       3.0906
    1481       3.1003
    1482       3.2643
    1483       3.2211
    1484       3.1087
    1485       3.4639
    1486       3.3802
    1487       3.2041
    1488       3.1574
    1489       3.4948
    1490       3.3346
    1491       3.4832
    1492       3.5257
    1493       3.6353
    1494       3.9021
    1495       3.5156
    1496       3.3677
    1497       3.2437
    1498       3.4059
    1499       3.2260
    1500       3.2518
    1501       3.2807
    1502       3.6354
    1503       3.3216
    1504       3.3185
    1505       3.2964
    1506       3.6776
    1507       3.5991
    1508       3.5225
    1509       3.3865
    1510       3.4743
    1511       3.2330
    1512       3.5418
    1513       3.3895
    1514       3.5045
    1515       3.2465
    1516       3.1963
    1517       3.2519
    1518       3.1475
    1519       3.0832
    1520       2.9617
    1521       2.9754
    1522       3.2526
    1523       2.9658
    1524       3.1210
    1525       3.1636
    1526       3.5662
    1527       3.5103
    1528       3.6054
    1529       3.6740
    1530       3.5313
    1531       3.6367
    1532       3.9197
    1533       3.6150
    1534       3.9478
    1535       3.7122
    1536       3.6679
    1537       3.4678
    1538       3.5370
    1539       3.1018
    1540       3.4706
    1541       3.3981
    1542       3.0604
    1543       3.0692
    1544       3.4293
    1545       3.1356
    1546       3.3705
    1547       3.2965
    1548       3.2600
    1549       3.3015
    1550       3.2199
    1551       3.5138
    1552       3.1501
    1553       3.1038
    1554       3.5161
    1555       3.3850
    1556       3.0219
    1557       3.7627
    1558       3.1876
    1559       2.9404
    1560       3.0998
    1561       3.1712
    1562       3.5203
    1563       3.5403
    1564       3.1414
    1565       3.0800
    1566       3.1439
    1567       3.1635
    1568       3.3980
    1569       3.3596
    1570       3.2889
    1571       3.3204
    1572       3.6092
    1573       3.2123
    1574       3.0137
    1575       3.1281
    1576       3.2445
    1577       3.2186
    1578       3.0966
    1579       3.2028
    1580       3.0337
    1581       3.1276
    1582       3.2342
    1583       3.2425
    1584       2.9974
    1585       3.2174
    1586       3.3570
    1587       3.1172
    1588       3.0288
    1589       3.0939
    1590       2.9980
    1591       3.1837
    1592       3.3073
    1593       3.2525
    1594       2.9609
    1595       3.0715
    1596       3.1277
    1597       3.0524
    1598       3.1194
    1599       3.0680
    1600       3.2306
    1601       3.1450
    1602       3.5814
    1603       3.2601
    1604       3.1406
    1605       3.1336
    1606       3.4423
    1607       3.3053
    1608       3.3588
    1609       3.2344
    1610       3.3471
    1611       3.3659
    1612       3.5158
    1613       3.2421
    1614       3.2590
    1615       3.4100
    1616       3.6641
    1617       3.2269
    1618       3.4907
    1619       3.8709
    1620       3.4299
    1621       3.3049
    1622       3.6184
    1623       3.0670
    1624       2.9696
    1625       2.9344
    1626       3.2840
    1627       3.3142
    1628       3.2242
    1629       2.9933
    1630       3.1388
    1631       3.2438
    1632       3.1638
    1633       3.0825
    1634       3.1419
    1635       2.9557
    1636       3.0944
    1637       3.3744
    1638       3.1910
    1639       3.3020
    1640       2.8929
    1641       3.1418
    1642       3.0336
    1643       2.9240
    1644       3.3253
    1645       3.1778
    1646       3.0457
    1647       3.7210
    1648       3.2923
    1649       3.2335
    1650       3.4673
    1651       3.4907
    1652       3.6059
    1653       3.5412
    1654       3.4156
    1655       3.6472
    1656       3.4356
    1657       3.3832
    1658       3.2667
    1659       3.4139
    1660       3.4033
    1661       3.3085
    1662       3.1828
    1663       3.2871
    1664       3.6081
    1665       3.1773
    1666       3.2445
    1667       3.1954
    1668       3.4101
    1669       3.5922
    1670       3.3530
    1671       3.2689
    1672       3.2828
    1673       3.3590
    1674       3.3979
    1675       3.6531
    1676       3.5424
    1677       3.5580
    1678       3.3981
    1679       3.3057
    1680       3.4377
    1681       3.4766
    1682       3.4920
    1683       3.5165
    1684       3.4371
    1685       3.5370
    1686       3.5678
    1687       3.5907
    1688       3.6400
    1689       3.7183
    1690       3.4506
    1691       3.4139
    1692       3.6747
    1693       3.2669
    1694       3.8404
    1695       3.4081
    1696       3.3859
    1697       3.0601
    1698       3.0840
    1699       2.8904
    1700       3.2518
    1701       3.2528
    1702       3.2259
    1703       3.3667
    1704       3.3260
    1705       2.7661
    1706       2.7305
    1707       2.6909
    1708       3.0572
    1709       2.9920
    1710       3.1590
    1711       3.0980
    1712       3.3680
    1713       3.2393
    1714       3.0504
    1715       3.3249
    1716       2.9828
    1717       2.9842
    1718       2.9555
    1719       3.2342
    1720       3.3819
    1721       3.1698
    1722       2.9143
    1723       2.7359
    1724       2.9021
    1725       2.9269
    1726       3.0243
    1727       2.8371
    1728       3.0178
    1729       2.8675
    1730       2.7890
    1731       2.5786
    1732       2.9152
    1733       2.9339
    1734       3.1704
    1735       2.9360
    1736       2.8092
    1737       3.2232
    1738       3.0163
    1739       3.3997
    1740       2.9468
    1741       3.1011
    1742       3.3384
    1743       3.2139
    1744       3.2044
    1745       3.2851
    1746       3.3091
    1747       3.2746
    1748       3.0818
    1749       2.8880
    1750       3.0780
    1751       2.8984
    1752       3.4794
    1753       3.2501
    1754       3.0008
    1755       3.2722
    1756       3.0614
    1757       3.1895
    1758       2.9457
    1759       2.9945
    1760       3.1068
    1761       2.8527
    1762       3.1605
    1763       3.3688
    1764       2.9804
    1765       3.0931
    1766       3.1550
    1767       3.3802
    1768       3.3251
    1769       3.2907
    1770       3.1921
    1771       3.3281
    1772       3.1156
    1773       3.1355
    1774       3.2167
    1775       3.1763
    1776       3.1678
    1777       3.1792
    1778       2.8350
    1779       3.1525
    1780       3.1432
    1781       3.3989
    1782       3.3995
    1783       3.4717
    1784       3.3525
    1785       3.4401
    1786       3.3509
    1787       3.2627
    1788       3.4275
    1789       2.9696
    1790       3.4038
    1791       3.0948
    1792       3.3124
    1793       3.1865
    1794       3.1407
    1795       3.4728
    1796       3.3346
    1797       3.2276
    1798       2.6971
    1799       2.9596
    1800       3.3975
    1801       3.3685
    1802       3.4492
    1803       3.0329
    1804       3.0091
    1805       3.2183
    1806       3.3667
    1807       3.1760
    1808       3.0778
    1809       3.1119
    1810       3.3300
    1811       3.2755
    1812       3.2340
    1813       3.3263
    1814       3.5373
    1815       3.0837
    1816       3.2934
    1817       3.4920
    1818       3.3734
    1819       3.4669
    1820       3.3798
    1821       3.3993
    1822       3.0279
    1823       3.1189
    1824       3.2269
    1825       3.0929
    1826       2.7672
    1827       2.9393
    1828       2.8608
    1829       3.1502
    1830       3.4146
    1831       3.1631
    1832       3.1051
    1833       2.9786
    1834       2.9859
    1835       3.3764
    1836       3.3287
    1837       3.1362
    1838       3.0949
    1839       3.2616
    1840       3.0471
    1841       2.8485
    1842       3.1675
    1843       3.0557
    1844       3.0557
    1845       2.8942
    1846       3.0400
    1847       2.8700
    1848       3.1465
    1849       2.8897
    1850       3.1989
    1851       2.8269
    1852       3.0542
    1853       3.4144
    1854       3.1363
    1855       2.9270
    1856       3.1865
    1857       3.0793
    1858       2.7569
    1859       2.9513
    1860       3.0343
    1861       3.2411
    1862       2.8994
    1863       2.9010
    1864       3.1443
    1865       2.8137
    1866       2.6733
    1867       2.7572
    1868       2.6444
    1869       2.5445
    1870       2.7188
    1871       2.5579
    1872       2.6677
    1873       3.0739
    1874       2.9800
    1875       2.8315
    1876       3.0300
    1877       2.9576
    1878       3.1842
    1879       3.2589
    1880       3.1204
    1881       3.6759
    1882       3.2656
    1883       3.5548
    1884       3.5883
    1885       3.7459
    1886       3.4494
    1887       3.3879
    1888       3.1134
    1889       3.4352
    1890       3.4482
    1891       3.4919
    1892       3.2543
    1893       3.2165
    1894       3.3665
    1895       3.3095
    1896       3.3100
    1897       3.1838
    1898       3.2371
    1899       3.4427
    1900       3.3903
    1901       3.0649
    1902       3.1404
    1903       2.8863
    1904       2.9352
    1905       3.0654
    1906       3.2812
    1907       3.2185
    1908       3.1528
    1909       3.3519
    1910       3.0585
    1911       3.3220
    1912       2.7993
    1913       2.9204
    1914       3.2085
    1915       3.0012
    1916       2.9699
    1917       2.9169
    1918       2.9372
    1919       3.1284
    1920       3.1142
    1921       2.7864
    1922       2.9798
    1923       2.9794
    1924       3.2243
    1925       3.1763
    1926       3.3487
    1927       3.2788
    1928       3.1572
    1929       3.0787
    1930       3.2686
    1931       3.5563
    1932       3.0586
    1933       2.9820
    1934       3.0973
    1935       3.2537
    1936       3.5393
    1937       3.1283
    1938       3.3683
    1939       3.3232
    1940       3.3178
    1941       3.2659
    1942       3.6951
    1943       3.8020
    1944       3.3229
    1945       3.2996
    1946       3.5406
    1947       3.4135
    1948       3.5640
    1949       3.4959
    1950       3.4699
    1951       3.4603
    1952       3.2372
    1953       3.2656
    1954       3.4165
    1955       3.5167
    1956       3.2674
    1957       3.8130
    1958       3.8131
    1959       3.4907
    1960       3.2029
    1961       3.4310
    1962       3.3284
    1963       3.1453
    1964       3.1769
    1965       3.1052
    1966       3.5676
    1967       3.4057
    1968       3.5459
    1969       3.3779
    1970       3.5291
    1971       3.5318
    1972       3.4442
    1973       3.3034
    1974       3.3890
    1975       3.2619
    1976       2.8937
    1977       3.5315
    1978       3.3383
    1979       3.4449
    1980       3.2857
    1981       3.5270
    1982       3.5263
    1983       3.6037
    1984       3.0265
    1985       3.1690
    1986       3.4953
    1987       3.4572
    1988       3.6009
    1989       3.4163
    1990       3.6748
    1991       3.1948
    1992       3.4081
    1993       3.5435
    1994       3.4271
    1995       3.4985
    1996       3.5657
    1997       2.9708
    1998       3.1543
    1999       3.6462
    2000       3.7961
    2001       3.2501
    2002       3.5897
    2003       3.5440
    2004       3.5000
    2005       3.4829
    2006       3.6460
    2007       3.1576
    2008       3.2623
    2009       3.2269
    2010       3.0215
    2011       2.9620
    2012       3.1886
    2013       3.1985
    2014       3.3900
    2015       3.5461
    2016       3.2368
    2017       3.2937
    2018       3.5301
    2019       3.6220
    2020       3.2617
    2021       3.1873
    2022       2.9655
    2023       3.2294
    2024       3.8368
    2025       3.3955
    2026       3.5471
    2027       3.5778
    2028       3.2352
    2029       3.2484
    2030       3.5756
    2031       3.4168
    2032       3.6691
    2033       3.2384
    2034       3.0950
    2035       3.3885
    2036       3.4156
    2037       3.6819
    2038       3.4893
    2039       3.7020
    2040       3.6430
    2041       3.7948
    2042       3.8582
    2043       3.8048
    2044       3.4788
    2045       3.3807
    2046       3.5944
    2047       3.5047
    2048       3.7464
    2049       3.6285
    2050       3.7718
    2051       3.6963
    2052       3.7313
    2053       3.5544
    2054       3.8015
    2055       3.2270
    2056       3.3507
    2057       3.5593
    2058       3.3382
    2059       3.8723
    2060       3.4641
    2061       3.9340
    2062       3.8278
    2063       3.6902
    2064       3.6922
    2065       3.5022
    2066       3.6691
    2067       3.3592
    2068       3.5599
    2069       3.3859
    2070       3.5795
    2071       3.3594
    2072       3.3708
    2073       3.4475
    2074       3.3225
    2075       3.1287
    2076       3.3840
    2077       3.2517
    2078       3.4886
    2079       3.3455
    2080       3.2808
    2081       3.2430
    2082       3.4802
    2083       3.4702
    2084       3.7355
    2085       3.3498
    2086       3.7677
    2087       3.3372
    2088       3.1986
    2089       3.4233
    2090       3.6475
    2091       3.2469
    2092       3.3575
    2093       3.2830
    2094       3.2588
    2095       3.3084
    2096       3.2460
    2097       3.5937
    2098       3.5428
    2099       3.1563
    2100       3.4291
    2101       3.3838
    2102       3.3553
    2103       3.6738
    2104       3.4773
    2105       3.4215
    2106       3.7564
    2107       3.8832
    2108       3.6567
    2109       3.3039
    2110       3.3704
    2111       3.4006
    2112       3.2247
    2113       3.4436
    2114       3.4362
    2115       3.3687
    2116       3.5235
    2117       3.2194
    2118       3.2992
    2119       3.1151
    2120       3.4765
    2121       3.3444
    2122       3.4090
    2123       3.3069
    2124       2.9573
    2125       3.3058
    2126       3.2675
    2127       3.3652
    2128       3.6540
    2129       3.2075
    2130       3.2932
    2131       3.1696
    2132       3.7239
    2133       3.6044
    2134       3.3522
    2135       3.4059
    2136       3.6594
    2137       3.5248
    2138       3.5174
    2139       3.2573
    2140       3.0661
    2141       3.3202
    2142       3.2408
    2143       3.4547
    2144       3.7342
    2145       3.3621
    2146       3.2204
    2147       3.2752
    2148       3.3016
    2149       3.3710
    2150       3.6190
    2151       3.7038
    2152       3.4937
    2153       3.5668
    2154       3.3101
    2155       3.4210
    2156       3.1254
    2157       3.2767
    2158       3.3792
    2159       3.4825
    2160       3.4053
    2161       3.2206
    2162       3.2167
    2163       3.3104
    2164       3.3093
    2165       3.3173
    2166       3.2567
    2167       3.2330
    2168       3.1642
    2169       3.2487
    2170       3.3744
    2171       2.9323
    2172       3.0548
    2173       3.3871
    2174       3.6806
    2175       3.3244
    2176       3.2380
    2177       3.2888
    2178       3.6826
    2179       3.4889
    2180       3.4816
    2181       3.6753
    2182       3.3997
    2183       3.5318
    2184       3.4987
    2185       3.5578
    2186       3.6216
    2187       3.4024
    2188       2.9979
    2189       3.3964
    2190       3.4546
    2191       3.5151
    2192       3.2579
    2193       3.3592
    2194       3.3803
    2195       3.3174
    2196       3.0519
    2197       2.8592
    2198       3.1249
    2199       3.1850
    2200       2.9397
    2201       2.9593
    2202       3.1025
    2203       3.2710
    2204       3.3366
    2205       3.0997
    2206       3.1049
    2207       3.0633
    2208       3.1015
    2209       2.4131
    2210       2.5551
    2211       2.5334
    2212       2.5238
    2213       2.7230
    2214       2.7863
    2215       2.6394
    2216       2.8052
    2217       2.6142
    2218       2.7539
    2219       2.8365
    2220       2.7699
    2221       2.7138
    2222       2.5984
    2223       2.8604
    2224       2.8302
    2225       3.0474
    2226       3.0517
    2227       2.7603
    2228       2.8142
    2229       3.0551
    2230       3.2507
    2231       2.9516
    2232       2.8699
    2233       2.9164
    2234       2.7952
    2235       2.8321
    2236       2.7652
    2237       3.0818
    2238       3.0086
    2239       3.0206
    2240       3.0318
    2241       3.3686
    2242       3.5023
    2243       2.8769
    2244       3.2815
    2245       2.9711
    2246       2.8590
    2247       2.9827
    2248       3.1599
    2249       2.7291
    2250       2.7909
    2251       2.9856
    2252       2.9822
    2253       2.8448
    2254       3.0965
    2255       3.3672
    2256       2.9927
    2257       3.1709
    2258       3.1527
    2259       2.9558
    2260       3.2553
    2261       3.3668
    2262       3.4986
    2263       3.5200
    2264       3.5811
    2265       3.4907
    2266       3.8042
    2267       3.2345
    2268       3.0957
    2269       3.3707
    2270       3.2638
    2271       3.3560
    2272       3.2928
    2273       3.0116
    2274       3.0693
    2275       3.0368
    2276       3.1655
    2277       3.3885
    2278       3.5866
    2279       3.2425
    2280       3.0816
    2281       3.3413
    2282       3.2699
    2283       3.2256
    2284       3.5451
    2285       3.3033
    2286       3.3344
    2287       3.6210
    2288       3.4606
    2289       3.4750
    2290       3.5095
    2291       3.2147
    2292       3.2166
    2293       3.4319
    2294       3.4256
    2295       3.0950
    2296       3.4496
    2297       3.4079
    2298       3.1639
    2299       3.5140
    2300       3.4129
    2301       3.3750
    2302       3.3848
    2303       3.2936
    2304       3.2787
    2305       3.2330
    2306       3.3739
    2307       3.3061
    2308       3.2334
    2309       3.2923
    2310       3.2784
    2311       3.1739
    2312       2.9977
    2313       2.7684
    2314       2.8320
    2315       3.0617
    2316       2.8124
    2317       3.1196
    2318       2.9499
    2319       2.8774
    2320       2.8766
    2321       3.4731
    2322       3.3623
    2323       3.3500
    2324       3.1508
    2325       3.3022
    2326       3.0961
    2327       3.1469
    2328       3.2694
    2329       3.4476
    2330       3.0748
    2331       3.0711
    2332       3.2552
    2333       3.0985
    2334       2.9655
    2335       3.0775
    2336       3.1582
    2337       3.3236
    2338       3.1820
    2339       3.3026
    2340       3.0174
    2341       3.1524
    2342       3.0493
    2343       3.3050
    2344       3.2175
    2345       3.4554
    2346       3.3194
    2347       3.2916
    2348       3.2272
    2349       3.1237
    2350       3.4697
    2351       3.1400
    2352       3.4503
    2353       2.9338
    2354       2.7974
    2355       2.9109
    2356       3.1734
    2357       3.1442
    2358       3.0439
    2359       3.0516
    2360       2.7619
    2361       2.7778
    2362       3.0954
    2363       2.9684
    2364       3.1547
    2365       3.0789
    2366       3.0265
    2367       3.0747
    2368       3.3156
    2369       3.5735
    2370       3.3711
    2371       3.1452
    2372       3.1224
    2373       2.9976
    2374       3.2662
    2375       3.4386
    2376       2.7690
    2377       2.9112
    2378       3.0359
    2379       2.9837
    2380       3.0843
    2381       2.6497
    2382       2.8740
    2383       2.6032
    2384       3.0219
    2385       3.1766
    2386       2.7929
    2387       2.8153
    2388       2.8395
    2389       3.0239
    2390       3.0871
    2391       2.6067
    2392       2.7557
    2393       2.9384
    2394       2.9532
    2395       2.7730
    2396       2.9417
    2397       3.0389
    2398       3.0158
    2399       2.9288
    2400       3.1264
    2401       2.8594
    2402       2.8797
    2403       3.0496
    2404       3.3504
    2405       3.1793
    2406       2.8718
    2407       3.2593
    2408       3.2684
    2409       3.5591
    2410       3.2474
    2411       2.8235
    2412       3.1122
    2413       3.3088
    2414       3.0178
    2415       3.0619
    2416       3.0330
    2417       3.1526
    2418       3.0486
    2419       3.1124
    2420       2.4717
    2421       3.2146
    2422       2.7892
    2423       3.0013
    2424       3.1386
    2425       3.1921
    2426       3.3379
    2427       2.9757
    2428       3.1193
    2429       3.1455
    2430       2.9006
    2431       3.1392
    2432       3.2496
    2433       3.2770
    2434       2.9026
    2435       3.1488
    2436       3.1608
    2437       2.8545
    2438       2.7396
    2439       3.1843
    2440       3.1706
    2441       2.9092
    2442       2.9805
    2443       3.1493
    2444       2.9080
    2445       2.8601
    2446       3.2338
    2447       3.4546
    2448       3.0442
    2449       2.9330
    2450       3.0522
    2451       2.7959
    2452       3.1370
    2453       3.2595
    2454       3.6264
    2455       3.1035
    2456       3.0469
    2457       3.1964
    2458       3.2235
    2459       3.5602
    2460       3.4939
    2461       3.3212
    2462       3.4448
    2463       2.9896
    2464       2.9165
    2465       3.2465
    2466       3.2162
    2467       3.0712
    2468       2.7825
    2469       2.8785
    2470       2.8323
    2471       3.0045
    2472       3.1197
    2473       3.2446
    2474       3.2987
    2475       2.7636
    2476       2.9454
    2477       2.9475
    2478       2.8228
    2479       3.1164
    2480       3.2713
    2481       3.5337
    2482       3.0217
    2483       2.8640
    2484       3.1421
    2485       2.9063
    2486       2.7873
    2487       2.7860
    2488       3.0270
    2489       2.7095
    2490       2.9812
    2491       2.8738
    2492       2.8175
    2493       2.9705
    2494       2.8739
    2495       2.9943
    2496       2.8252
    2497       2.7432
    2498       2.7529
    2499       3.0771
    2500       2.7866
    2501       2.7065
    2502       2.8756
    2503       2.7310
    2504       2.6921
    2505       2.6538
    2506       2.5976
    2507       2.4931
    2508       2.5845
    2509       2.5127
    2510       2.9111
    2511       2.7293
    2512       2.9223
    2513       2.7985
    2514       2.9146
    2515       2.5853
    2516       2.6747
    2517       2.8679
    2518       2.7617
    2519       2.7670
    2520       2.8198
    2521       2.5345
    2522       2.8243
    2523       2.9206
    2524       2.6201
    2525       2.6776
    2526       2.8246
    2527       2.6707
    2528       2.7398
    2529       2.9452
    2530       2.6484
    2531       2.7191
    2532       2.6391
    2533       2.5045
    2534       2.7398
    2535       2.8451
    2536       2.9060
    2537       2.7066
    2538       3.1719
    2539       2.6203
    2540       2.6607
    2541       2.7967
    2542       2.8629
    2543       2.6348
    2544       3.0075
    2545       2.9765
    2546       2.8077
    2547       2.6324
    2548       3.0653
    2549       2.8502
    2550       2.7652
    2551       2.7745
    2552       2.8707
    2553       2.9656
    2554       2.8821
    2555       2.9339
    2556       2.8113
    2557       3.0130
    2558       2.9084
    2559       2.6812
    2560       2.8751
    2561       2.6767
    2562       2.8756
    2563       2.9900
    2564       3.3010
    2565       2.6763
    2566       2.8676
    2567       2.8727
    2568       2.6412
    2569       2.7782
    2570       2.9776
    2571       3.0237
    2572       2.9365
    2573       2.8942
    2574       2.8097
    2575       2.9385
    2576       2.9448
    2577       2.9159
    2578       2.7329
    2579       2.8171
    2580       2.8019
    2581       3.0943
    2582       2.9807
    2583       2.9533
    2584       3.1631
    2585       3.3099
    2586       2.9879
    2587       2.9382
    2588       3.1328
    2589       3.0428
    2590       2.9759
    2591       3.2336
    2592       3.1744
    2593       2.6180
    2594       3.0400
    2595       2.8337
    2596       2.9766
    2597       2.9673
    2598       2.9669
    2599       2.9001
    2600       2.9681
    2601       2.9070
    2602       2.8864
    2603       2.9909
    2604       3.0384
    2605       3.0801
    2606       2.7198
    2607       3.0884
    2608       2.9596
    2609       2.8765
    2610       3.0546
    2611       2.9507
    2612       3.0013
    2613       2.8715
    2614       3.2171
    2615       3.2485
    2616       2.9224
    2617       2.8333
    2618       3.0653
    2619       2.9781
    2620       3.1891
    2621       3.1566
    2622       2.9414
    2623       2.9524
    2624       2.9644
    2625       3.1669
    2626       3.1999
    2627       3.3428
    2628       3.2566
    2629       2.9985
    2630       3.1097
    2631       2.9672
    2632       2.8785
    2633       2.8887
    2634       2.5761
    2635       2.5331
    2636       2.8012
    2637       2.8393
    2638       2.9566
    2639       2.8681
    2640       2.9383
    2641       2.9373
    2642       2.8433
    2643       3.1748
    2644       2.8622
    2645       2.9043
    2646       2.9644
    2647       3.1310
    2648       2.9282
    2649       3.1025
    2650       3.2989
    2651       3.2014
    2652       3.0196
    2653       2.8553
    2654       3.0211
    2655       2.9767
    2656       2.9801
    2657       3.0954
    2658       2.9526
    2659       3.2130
    2660       3.6293
    2661       3.1767
    2662       3.0151
    2663       3.1637
    2664       3.2694
    2665       3.2096
    2666       3.1503
    2667       3.3534
    2668       3.0916
    2669       3.1601
    2670       3.5688
    2671       3.1079
    2672       3.5221
    2673       3.1825
    2674       2.9751
    2675       3.1808
    2676       3.0494
    2677       3.2204
    2678       3.2669
    2679       3.0503
    2680       2.8310
    2681       3.2829
    2682       3.3889
    2683       3.0532
    2684       3.0298
    2685       3.2852
    2686       3.1729
    2687       3.2638
    2688       2.8996
    2689       3.1559
    2690       3.0832
    2691       2.9231
    2692       2.7260
    2693       2.4938
    2694       2.5821
    2695       2.8665
    2696       2.7762
    2697       2.7586
    2698       3.1385
    2699       2.9590
    2700       2.6492
    2701       2.7908
    2702       3.1344
    2703       2.7719
    2704       2.7609
    2705       2.8677
    2706       2.7290
    2707       2.7198
    2708       2.8068
    2709       2.8432
    2710       3.0576
    2711       2.9102
    2712       2.8931
    2713       2.9068
    2714       2.7532
    2715       2.9744
    2716       3.0811
    2717       3.2201
    2718       3.0456
    2719       3.0945
    2720       3.2551
    2721       3.0605
    2722       3.2121
    2723       3.2338
    2724       2.9860
    2725       3.3167
    2726       3.2402
    2727       3.3191
    2728       3.4008
    2729       3.4136
    2730       2.9849
    2731       2.9170
    2732       2.9939
    2733       3.0954
    2734       2.9229
    2735       3.2018
    2736       2.8499
    2737       2.8001
    2738       3.1115
    2739       2.7456
    2740       2.9799
    2741       2.8641
    2742       3.1574
    2743       3.2719
    2744       3.1788
    2745       3.0066
    2746       3.4377
    2747       3.5967
    2748       3.3275
    2749       3.4816
    2750       3.3184
    2751       3.4042
    2752       2.9336
    2753       3.2638
    2754       3.1219
    2755       3.3486
    2756       3.4607
    2757       2.7369
    2758       3.0424
    2759       3.3795
    2760       3.0724
    2761       3.2583
    2762       2.7635
    2763       2.7820
    2764       2.7414
    2765       3.0255
    2766       3.1666
    2767       2.9786
    2768       3.0952
    2769       2.8356
    2770       3.0892
    2771       3.0544
    2772       3.2743
    2773       3.3195
    2774       3.2855
    2775       3.3775
    2776       3.0084
    2777       3.0823
    2778       3.1102
    2779       2.8883
    2780       2.8041
    2781       3.1457
    2782       3.1806
    2783       3.2755
    2784       2.8483
    2785       2.8919
    2786       3.0634
    2787       2.9436
    2788       3.0529
    2789       3.3177
    2790       3.0438
    2791       3.4447
    2792       3.0827
    2793       3.4470
    2794       3.3543
    2795       3.3105
    2796       3.2223
    2797       3.2709
    2798       3.1242
    2799       3.1830
    2800       2.7962
    2801       3.2248
    2802       3.1181
    2803       2.9976
    2804       3.3101
    2805       3.2508
    2806       3.1315
    2807       2.8983
    2808       3.0845
    2809       3.0845
    2810       3.3714
    2811       3.2284
    2812       2.8845
    2813       3.0194
    2814       3.0062
    2815       2.8703
    2816       3.1600
    2817       3.2451
    2818       2.9506
    2819       3.0740
    2820       2.7404
    2821       3.0243
    2822       2.9614
    2823       3.1538
    2824       3.2539
    2825       3.3701
    2826       3.2864
    2827       3.1111
    2828       3.4326
    2829       3.2525
    2830       2.9389
    2831       3.2697
    2832       3.0226
    2833       3.1858
    2834       3.5432
    2835       3.2543
    2836       3.4160
    2837       3.3001
    2838       3.4807
    2839       3.2694
    2840       3.4589
    2841       3.3425
    2842       3.6951
    2843       3.6080
    2844       3.2706
    2845       3.3827
    2846       3.5749
    2847       3.4301
    2848       3.8127
    2849       3.5831
    2850       3.0910
    2851       3.4968
    2852       3.2776
    2853       3.3874
    2854       3.5104
    2855       3.5120
    2856       3.6384
    2857       3.4955
    2858       3.2871
    2859       3.1174
    2860       3.2991
    2861       3.2171
    2862       3.2489
    2863       3.2764
    2864       3.4896
    2865       3.1902
    2866       3.2269
    2867       3.2883
    2868       3.4488
    2869       3.4955
    2870       3.5449
    2871       3.3453
    2872       3.7168
    2873       3.2235
    2874       3.2998
    2875       3.2484
    2876       3.4477
    2877       3.3448
    2878       3.4514
    2879       3.2120
    2880       3.4078
    2881       3.3652
    2882       3.2548
    2883       3.4275
    2884       3.2453
    2885       3.3535
    2886       3.7432
    2887       3.7624
    2888       3.5607
    2889       3.1647
    2890       3.4580
    2891       3.2213
    2892       3.1809
    2893       3.3473
    2894       3.2193
    2895       2.8549
    2896       3.4714
    2897       3.3703
    2898       3.1413
    2899       2.8567
    2900       2.8953
    2901       2.9924
    2902       2.9307
    2903       3.1074
    2904       3.1834
    2905       3.0677
    2906       3.0138
    2907       2.9764
    2908       3.1030
    2909       2.9013
    2910       2.8908
    2911       3.2974
    2912       3.2838
    2913       3.2950
    2914       3.5633
    2915       3.1340
    2916       3.3391
    2917       3.1826
    2918       3.2351
    2919       3.3105
    2920       3.0782
    2921       3.0245
    2922       3.2590
    2923       2.8929
    2924       3.2060
    2925       3.1710
    2926       3.0665
    2927       3.3248
    2928       3.1065
    2929       3.1478
    2930       3.2271
    2931       3.0988
    2932       3.0953
    2933       3.5394
    2934       3.4063
    2935       3.3529
    2936       3.2716
    2937       2.9484
    2938       3.1001
    2939       3.0518
    2940       2.9804
    2941       3.4162
    2942       2.8293
    2943       3.1022
    2944       3.0212
    2945       3.6134
    2946       3.3230
    2947       3.4840
    2948       3.3226
    2949       3.0887
    2950       3.3618
    2951       3.0940
    2952       3.3176
    2953       3.3640
    2954       3.2664
    2955       3.6369
    2956       3.3635
    2957       3.1474
    2958       2.8972
    2959       2.9687
    2960       3.3785
    2961       2.8948
    2962       3.0002
    2963       2.9392
    2964       3.1908
    2965       3.2867
    2966       2.5876
    2967       2.9201
    2968       3.0403
    2969       3.1507
    2970       2.8411
    2971       2.9472
    2972       3.0059
    2973       3.2173
    2974       3.2992
    2975       3.2354
    2976       3.1831
    2977       3.0182
    2978       2.8497
    2979       3.0764
    2980       3.1197
    2981       3.0079
    2982       2.9308
    2983       2.9175
    2984       2.7459
    2985       2.9051
    2986       2.8846
    2987       2.4791
    2988       2.8735
    2989       2.7774
    2990       3.0476
    2991       2.7113
    2992       2.6077
    2993       2.9527
    2994       2.9203
    2995       2.8961
    2996       2.6122
    2997       2.8640
    2998       2.7106
    2999       2.7416
    3000       2.8491
    3001       3.0084
    3002       3.1384
    3003       3.3484
    3004       3.2411
    3005       3.2943
    3006       3.2554
    3007       3.0266
    3008       3.1665
    3009       3.3543
    3010       3.2102
    3011       3.4390
    3012       3.5085
    3013       3.1293
    3014       2.9905
    3015       3.4231
    3016       3.1546
    3017       3.3022
    3018       3.1889
    3019       3.1336
    3020       3.1669
    3021       2.7351
    3022       3.2231
    3023       3.1282
    3024       3.0309
    3025       3.1905
    3026       3.0942
    3027       3.0782
    3028       2.9064
    3029       3.1062
    3030       3.2914
    3031       3.1827
    3032       3.1852
    3033       3.6173
    3034       3.3141
    3035       2.9117
    3036       3.2168
    3037       3.2541
    3038       2.9771
    3039       2.9956
    3040       2.6728
    3041       2.8805
    3042       2.9582
    3043       2.8625
    3044       2.9147
    3045       2.8183
    3046       3.1250
    3047       3.0860
    3048       2.8824
    3049       2.8901
    3050       3.1127
    3051       3.0291
    3052       2.7592
    3053       2.7601
    3054       3.0531
    3055       2.8045
    3056       2.5799
    3057       2.9543
    3058       2.9210
    3059       2.8075
    3060       2.9727
    3061       2.7178
    3062       2.9103
    3063       2.8135
    3064       3.0454
    3065       2.9283
    3066       2.9247
    3067       2.9104
    3068       2.6867
    3069       2.8920
    3070       2.7478
    3071       2.7769
    3072       3.0625
    3073       2.9389
    3074       2.5780
    3075       3.2105
    3076       2.9585
    3077       3.2254
    3078       3.3180
    3079       3.0596
    3080       2.9652
    3081       2.9344
    3082       3.0166
    3083       2.8838
    3084       2.9704
    3085       2.9774
    3086       2.8676
    3087       3.2984
    3088       2.6621
    3089       3.0516
    3090       2.7833
    3091       2.8693
    3092       2.6078
    3093       2.8403
    3094       2.8105
    3095       2.7366
    3096       2.7074
    3097       3.1469
    3098       3.1609
    3099       3.2903
    3100       2.9330
    3101       3.2040
    3102       3.0479
    3103       2.9940
    3104       2.9149
    3105       2.9549
    3106       2.8251
    3107       2.8323
    3108       3.1853
    3109       2.7868
    3110       2.9472
    3111       2.9878
    3112       3.1240
    3113       2.8667
    3114       3.1504
    3115       2.9536
    3116       3.3819
    3117       3.4141
    3118       3.1323
    3119       3.3153
    3120       2.8700
    3121       3.0466
    3122       3.3081
    3123       3.2907
    3124       2.9279
    3125       2.9374
    3126       2.9439
    3127       2.9857
    3128       2.8926
    3129       2.9351
    3130       3.1350
    3131       2.6707
    3132       2.7170
    3133       2.8853
    3134       2.7318
    3135       2.6865
    3136       2.8508
    3137       2.9064
    3138       3.1098
    3139       2.9399
    3140       2.7426
    3141       3.0713
    3142       3.0569
    3143       2.9453
    3144       3.0409
    3145       3.0085
    3146       2.7960
    3147       3.0170
    3148       3.1139
    3149       2.9532
    3150       2.9123
    3151       2.7837
    3152       2.8022
    3153       3.0808
    3154       2.8826
    3155       2.7749
    3156       2.8994
    3157       2.8072
    3158       2.6605
    3159       2.7470
    3160       3.0571
    3161       3.0973
    3162       2.9893
    3163       2.8160
    3164       2.8518
    3165       2.8684
    3166       2.6481
    3167       2.6883
    3168       2.9562
    3169       2.8763
    3170       2.7917
    3171       2.8218
    3172       2.3688
    3173       2.7720
    3174       2.9290
    3175       2.5345
    3176       2.6591
    3177       2.8735
    3178       2.7600
    3179       2.9603
    3180       2.8620
    3181       2.9619
    3182       2.9627
    3183       2.5729
    3184       2.5557
    3185       2.8777
    3186       3.0290
    3187       2.7630
    3188       2.9423
    3189       2.8763
    3190       2.8559
    3191       2.9339
    3192       2.8818
    3193       3.0223
    3194       2.8439
    3195       3.0106
    3196       2.9461
    3197       2.8967
    3198       2.6505
    3199       3.0030
    3200       2.6585
    3201       2.6375
    3202       3.0562
    3203       3.1658
    3204       3.0879
    3205       3.1246
    3206       3.0193
    3207       3.0715
    3208       2.9170
    3209       2.7446
    3210       3.0408
    3211       2.9645
    3212       3.0450
    3213       2.8837
    3214       2.8684
    3215       2.4219
    3216       2.7767
    3217       2.7972
    3218       3.0426
    3219       3.0679
    3220       2.8788
    3221       3.1572
    3222       2.9545
    3223       3.0439
    3224       3.0953
    3225       3.2835
    3226       3.5745
    3227       3.1532
    3228       2.8236
    3229       2.8464
    3230       3.1728
    3231       3.0734
    3232       3.0979
    3233       2.7456
    3234       3.1038
    3235       3.2351
    3236       3.0174
    3237       3.0983
    3238       2.9103
    3239       2.9194
    3240       3.0446
    3241       2.8674
    3242       2.9442
    3243       2.8812
    3244       2.8771
    3245       2.8876
    3246       2.8765
    3247       2.9246
    3248       2.9640
    3249       3.0636
    3250       2.8230
    3251       2.7258
    3252       2.6864
    3253       3.0781
    3254       2.7849
    3255       2.9980
    3256       2.9276
    3257       3.0695
    3258       3.0040
    3259       2.7564
    3260       3.0361
    3261       3.0751
    3262       3.0505
    3263       3.2366
    3264       3.0692
    3265       3.5666
    3266       3.1522
    3267       3.2117
    3268       3.2050
    3269       3.1829
    3270       2.9476
    3271       2.9810
    3272       3.0394
    3273       2.9448
    3274       2.9189
    3275       2.8545
    3276       3.1441
    3277       2.7963
    3278       2.7922
    3279       2.6607
    3280       2.7550
    3281       2.9399
    3282       2.6635
    3283       2.8271
    3284       3.0294
    3285       2.8650
    3286       2.7146
    3287       2.7855
    3288       3.1125
    3289       3.0311
    3290       2.9943
    3291       3.0456
    3292       2.9747
    3293       2.9689
    3294       2.7050
    3295       2.5650
    3296       2.7701
    3297       2.9127
    3298       3.1886
    3299       3.0077
    3300       2.8746
    3301       3.0059
    3302       2.9051
    3303       2.6921
    3304       2.5376
    3305       2.7796
    3306       2.7566
    3307       2.7693
    3308       2.9878
    3309       2.9021
    3310       3.1197
    3311       3.0125
    3312       2.8238
    3313       3.0445
    3314       3.1182
    3315       2.9001
    3316       2.5996
    3317       2.8894
    3318       3.1799
    3319       3.0257
    3320       3.0070
    3321       2.6211
    3322       2.7166
    3323       2.9104
    3324       3.0631
    3325       2.8665
    3326       2.8804
    3327       2.9854
    3328       2.7053
    3329       2.5714
    3330       2.5981
    3331       2.8944
    3332       2.6983
    3333       2.9294
    3334       2.8825
    3335       2.8974
    3336       2.8645
    3337       2.7201
    3338       2.9415
    3339       2.8120
    3340       2.9558
    3341       2.9383
    3342       3.1830
    3343       2.9768
    3344       3.1104
    3345       2.8421
    3346       2.9414
    3347       3.4152
    3348       3.2664
    3349       3.1632
    3350       3.3922
    3351       3.5371
    3352       3.5639
    3353       3.1393
    3354       3.1819
    3355       2.9140
    3356       3.2539
    3357       3.6166
    3358       3.3511
    3359       3.0005
    3360       3.0757
    3361       2.9183
    3362       2.7452
    3363       3.0271
    3364       3.1258
    3365       3.1087
    3366       2.8107
    3367       2.6203
    3368       2.9626
    3369       2.8586
    3370       2.8324
    3371       3.1245
    3372       2.9299
    3373       2.9145
    3374       2.9047
    3375       3.1765
    3376       3.0327
    3377       2.7905
    3378       2.9619
    3379       2.9424
    3380       2.9713
    3381       2.7302
    3382       2.7540
    3383       3.0726
    3384       2.8479
    3385       2.7161
    3386       2.8894
    3387       2.9659
    3388       2.9248
    3389       3.1625
    3390       3.0469
    3391       2.7657
    3392       3.2368
    3393       3.1110
    3394       2.9030
    3395       2.8506
    3396       2.8507
    3397       3.0648
    3398       2.9147
    3399       2.6496
    3400       2.8026
    3401       3.1667
    3402       2.8726
    3403       2.8883
    3404       3.0027
    3405       2.8952
    3406       3.0172
    3407       3.0829
    3408       3.0600
    3409       3.0722
    3410       3.3116
    3411       3.1471
    3412       2.9585
    3413       2.9807
    3414       3.0801
    3415       2.9242
    3416       2.9988
    3417       2.7566
    3418       2.8478
    3419       2.8524
    3420       2.7092
    3421       3.0613
    3422       2.8148
    3423       2.6856
    3424       2.8153
    3425       2.9034
    3426       2.7131
    3427       2.6583
    3428       2.7990
    3429       2.7974
    3430       2.8974
    3431       2.9527
    3432       3.1361
    3433       2.8209
    3434       2.8122
    3435       2.6788
    3436       2.6779
    3437       2.8553
    3438       2.5761
    3439       2.8028
    3440       2.9002
    3441       2.8894
    3442       2.6921
    3443       2.7526
    3444       2.8895
    3445       3.1823
    3446       2.7426
    3447       2.9195
    3448       2.9507
    3449       2.9584
    3450       3.1090
    3451       2.8125
    3452       2.8214
    3453       2.5016
    3454       2.8942
    3455       3.1540
    3456       3.0114
    3457       2.8705
    3458       3.1046
    3459       2.9771
    3460       2.9410
    3461       3.1441
    3462       3.4362
    3463       3.2760
    3464       2.7800
    3465       3.2051
    3466       2.9411
    3467       3.0719
    3468       2.7667
    3469       2.8931
    3470       2.8087
    3471       2.9355
    3472       2.8983
    3473       3.0657
    3474       2.9447
    3475       2.8052
    3476       2.7469
    3477       2.8813
    3478       2.8235
    3479       3.1113
    3480       3.0599
    3481       2.9000
    3482       3.1502
    3483       2.9365
    3484       2.8228
    3485       2.5689
    3486       2.6722
    3487       3.0506
    3488       2.9789
    3489       3.1596
    3490       2.8599
    3491       2.9506
    3492       2.6288
    3493       3.2539
    3494       3.1067
    3495       3.0234
    3496       2.8182
    3497       3.1059
    3498       2.9172
    3499       3.1869
    3500       3.1694
    3501       3.5141
    3502       3.3633
    3503       2.8361
    3504       3.2734
    3505       3.3663
    3506       3.7400
    3507       3.4469
    3508       3.5220
    3509       3.7073
    3510       3.5751
    3511       3.3540
    3512       3.3997
    3513       3.4601
    3514       3.6521
    3515       3.6319
    3516       3.8538
    3517       3.6054
    3518       3.8892
    3519       3.8921
    3520       3.9963
    3521       3.7978
    3522       3.6909
    3523       3.5557
    3524       3.8878
    3525       3.7460
    3526       3.9896
    3527       3.7807
    3528       3.8209
    3529       4.1413
    3530       3.8545
    3531       3.6610
    3532       3.5527
    3533       3.6568
    3534       3.5748
    3535       3.2629
    3536       3.8134
    3537       3.8620
    3538       3.8121
    3539       4.0390
    3540       3.5125
    3541       3.5735
    3542       3.5247
    3543       3.7117
    3544       3.7010
    3545       3.3838
    3546       3.8304
    3547       3.8107
    3548       3.6229
    3549       3.6717
    3550       3.7604
    3551       3.8095
    3552       3.7390
    3553       3.6840
    3554       3.3030
    3555       3.5285
    3556       3.4154
    3557       3.6364
    3558       3.4663
    3559       3.6289
    3560       3.5892
    3561       3.5744
    3562       3.8435
    3563       3.7542
    3564       3.8473
    3565       3.7987
    3566       3.9607
    3567       4.0400
    3568       3.7413
    3569       3.3857
    3570       3.7009
    3571       3.6262
    3572       3.7156
    3573       3.7112
    3574       3.6681
    3575       3.9160
    3576       3.6026
    3577       3.6229
    3578       3.8803
    3579       3.6953
    3580       4.2600
    3581       4.0027
    3582       3.7190
    3583       3.5764
    3584       3.6687
    3585       3.9358
    3586       3.9699
    3587       3.6160
    3588       3.4816
    3589       3.8148
    3590       3.6524
    3591       3.7600
    3592       4.0142
    3593       3.8721
    3594       4.0772
    3595       4.1603
    3596       3.9216
    3597       3.8255
    3598       4.0363
    3599       4.3412
    3600       3.8827
    3601       4.0495
    3602       3.5970
    3603       3.8270
    3604       3.6881
    3605       3.9959
    3606       3.8395
    3607       3.8918
    3608       3.7623
    3609       3.6323
    3610       3.4429
    3611       3.3195
    3612       3.5912
    3613       3.5335
    3614       3.4864
    3615       3.5334
    3616       3.8082
    3617       3.7956
    3618       3.7459
    3619       3.9889
    3620       3.9170
    3621       3.9244
    3622       3.9641
    3623       3.9982
    3624       3.7804
    3625       3.8471
    3626       4.0206
    3627       3.9581
    3628       3.6798
    3629       4.2622
    3630       4.0546
    3631       3.7666
    3632       3.5124
    3633       3.7313
    3634       3.6471
    3635       3.8041
    3636       3.4615
    3637       3.6781
    3638       3.7305
    3639       3.6615
    3640       3.3536
    3641       3.4316
    3642       3.4672
    3643       3.8014
    3644       3.5442
    3645       3.4700
    3646       3.2562
    3647       3.5783
    3648       3.9998
    3649       4.0357
    3650       4.1311
    3651       3.7890
    3652       3.9481
    3653       4.1316
    3654       4.1217
    3655       3.8406
    3656       3.6725
    3657       4.0061
    3658       3.7996
    3659       4.1563
    3660       4.1491
    3661       3.6832
    3662       3.9797
    3663       3.8875
    3664       3.6799
    3665       3.7305
    3666       3.7883
    3667       4.0181
    3668       4.0571
    3669       3.6598
    3670       3.6534
    3671       3.8622
    3672       3.6985
    3673       3.3021
    3674       3.6814
    3675       3.4834
    3676       3.4006
    3677       3.3965
    3678       3.3002
    3679       3.6418
    3680       3.8792
    3681       3.3446
    3682       3.5329
    3683       3.5451
    3684       3.1818
    3685       3.2668
    3686       3.6283
    3687       3.4734
    3688       3.5038
    3689       3.3491
    3690       3.4056
    3691       3.4570
    3692       3.3683
    3693       3.6294
    3694       3.5502
    3695       3.4029
    3696       3.7008
    3697       3.7689
    3698       3.6805
    3699       3.7799
    3700       3.6681
    3701       3.9143
    3702       3.7250
    3703       3.6990
    3704       3.8486
    3705       3.7383
    3706       3.6392
    3707       3.3949
    3708       3.5109
    3709       3.5754
    3710       3.5788
    3711       3.5142
    3712       3.8165
    3713       3.5302
    3714       3.4906
    3715       3.7456
    3716       3.3285
    3717       3.3135
    3718       3.7411
    3719       3.5599
    3720       3.6163
    3721       3.5653
    3722       3.7081
    3723       3.4999
    3724       3.3384
    3725       3.3095
    3726       3.6480
    3727       3.3950
    3728       3.2725
    3729       3.4118
    3730       3.4751
    3731       3.4298
    3732       3.5447
    3733       3.6912
    3734       3.5769
    3735       3.4938
    3736       3.3524
    3737       3.3541
    3738       3.4455
    3739       3.7582
    3740       3.1939
    3741       3.6740
    3742       3.2796
    3743       3.7891
    3744       3.4385
    3745       3.1904
    3746       3.3211
    3747       3.4373
    3748       3.1586
    3749       3.3597
    3750       3.4166
    3751       3.3668
    3752       3.2558
    3753       3.3888
    3754       3.3563
    3755       3.4679
    3756       3.4624
    3757       3.5650
    3758       3.3599
    3759       3.2677
    3760       3.6222
    3761       3.5360
    3762       3.2824
    3763       3.4475
    3764       3.5755
    3765       3.0943
    3766       3.0899
    3767       3.2942
    3768       2.9943
    3769       3.4567
    3770       3.4759
    3771       3.7815
    3772       3.3932
    3773       2.9065
    3774       3.2406
    3775       3.5764
    3776       3.5367
    3777       3.7559
    3778       3.6000
    3779       3.4098
    3780       3.4284
    3781       3.5568
    3782       3.1011
    3783       3.3585
    3784       3.1117
    3785       3.0667
    3786       2.9098
    3787       3.2763
    3788       3.1496
    3789       3.2369
    3790       2.9704
    3791       3.0960
    3792       3.0637
    3793       3.1233
    3794       2.8329
    3795       3.0035
    3796       3.2158
    3797       3.1724
    3798       3.1584
    3799       2.9178
    3800       3.1756
    3801       3.1249
    3802       2.9531
    3803       3.1038
    3804       3.3632
    3805       3.1381
    3806       2.9309
    3807       2.8153
    3808       3.2374
    3809       3.2070
    3810       3.2161
    3811       3.0594
    3812       3.3676
    3813       3.0159
    3814       3.2674
    3815       3.0923
    3816       3.2516
    3817       3.2041
    3818       3.6078
    3819       4.0303
    3820       3.9971
    3821       3.8613
    3822       3.6696
    3823       3.8624
    3824       3.9053
    3825       3.2212
    3826       3.8652
    3827       3.2750
    3828       3.4913
    3829       3.7192
    3830       3.8927
    3831       3.3940
    3832       3.6172
    3833       3.5657
    3834       3.5822
    3835       3.8969
    3836       3.8925
    3837       3.2032
    3838       3.5063
    3839       3.6143
    3840       3.8702
    3841       3.3549
    3842       3.2142
    3843       3.4168
    3844       3.4784
    3845       3.2978
    3846       3.7390
    3847       3.3010
    3848       3.1121
    3849       3.2119
    3850       3.1973
    3851       3.2277
    3852       3.3429
    3853       3.3932
    3854       3.0247
    3855       3.1873
    3856       2.7878
    3857       2.8556
    3858       3.1507
    3859       3.0113
    3860       3.1423
    3861       3.1970
    3862       3.1720
    3863       3.1376
    3864       2.8315
    3865       2.9094
    3866       3.1068
    3867       3.4805
    3868       3.6646
    3869       3.6618
    3870       3.6281
    3871       3.5079
    3872       3.4188
    3873       3.6776
    3874       3.6016
    3875       3.6956
    3876       3.2532
    3877       3.4965
    3878       3.5086
    3879       3.3823
    3880       3.5972
    3881       3.3933
    3882       3.4511
    3883       3.4906
    3884       3.3531
    3885       3.5628
    3886       3.8184
    3887       3.7405
    3888       3.7437
    3889       3.5674
    3890       3.7072
    3891       3.5192
    3892       2.9331
    3893       3.2021
    3894       3.4742
    3895       3.6617
    3896       3.4513
    3897       3.2837
    3898       2.9688
    3899       3.1272
    3900       3.6260
    3901       3.4969
    3902       3.5031
    3903       3.6667
    3904       3.5484
    3905       3.4467
    3906       3.6217
    3907       3.6290
    3908       3.8310
    3909       3.6085
    3910       3.8052
    3911       3.3327
    3912       3.3750
    3913       3.5964
    3914       3.3627
    3915       3.2527
    3916       3.3746
    3917       3.2902
    3918       3.3703
    3919       3.4233
    3920       3.5868
    3921       3.2449
    3922       3.4285
    3923       3.7126
    3924       3.2419
    3925       3.6041
    3926       3.6413
    3927       3.8630
    3928       3.9768
    3929       3.8141
    3930       4.1789
    3931       3.8239
    3932       3.6728
    3933       3.5716
    3934       3.2462
    3935       3.7600
    3936       3.5989
    3937       3.8440
    3938       3.8130
    3939       3.7752
    3940       3.4653
    3941       3.6079
    3942       3.6915
    3943       3.6525
    3944       3.9719
    3945       4.0055
    3946       3.6954
    3947       3.3160
    3948       3.2741
    3949       3.4898
    3950       3.3605
    3951       3.2780
    3952       3.4289
    3953       3.2253
    3954       3.4852
    3955       3.4880
    3956       3.1000
    3957       3.3882
    3958       3.3161
    3959       3.3809
    3960       3.9164
    3961       3.7503
    3962       3.4695
    3963       3.6208
    3964       3.3827
    3965       3.4345
    3966       3.5209
    3967       3.7774
    3968       3.6874
    3969       3.7301
    3970       3.4853
    3971       3.6509
    3972       3.6707
    3973       3.5337
    3974       3.1184
    3975       3.5943
    3976       3.7313
    3977       4.0449
    3978       3.8695
    3979       3.5845
    3980       3.9455
    3981       4.0864
    3982       3.9196
    3983       4.3294
    3984       3.8312
    3985       3.9266
    3986       3.6657
    3987       3.6590
    3988       3.6116
    3989       3.7238
    3990       4.1287
    3991       4.0454
    3992       3.6087
    3993       4.3285
    3994       3.9349
    3995       3.6711
    3996       3.6751
    3997       3.8258
    3998       3.7934
    3999       3.4446
    4000       3.2821
