#Frame         perres
       1       0.0000
       2       1.3759
       3       1.6346
       4       1.6799
       5       1.8179
       6       2.0103
       7       1.9441
       8       1.7614
       9       1.8797
      10       1.8502
      11       1.7305
      12       1.7896
      13       1.8314
      14       2.0533
      15       1.9544
      16       2.0621
      17       2.1449
      18       2.0961
      19       2.1031
      20       2.3175
      21       2.0240
      22       2.1479
      23       2.0253
      24       2.0005
      25       2.2096
      26       2.2382
      27       2.5170
      28       2.4558
      29       2.4495
      30       2.4271
      31       2.4532
      32       2.1656
      33       2.2297
      34       2.3078
      35       2.9202
      36       2.5823
      37       2.9409
      38       2.8269
      39       2.8671
      40       2.7895
      41       2.3893
      42       2.6726
      43       2.5224
      44       2.3790
      45       2.3835
      46       2.6787
      47       3.1156
      48       2.8514
      49       2.9879
      50       2.6792
      51       3.0108
      52       2.6971
      53       2.8114
      54       2.3925
      55       2.3503
      56       2.5350
      57       2.4899
      58       2.5709
      59       2.6280
      60       2.8557
      61       2.9011
      62       2.6534
      63       2.7544
      64       2.9492
      65       2.7007
      66       2.9914
      67       2.6971
      68       2.6207
      69       2.9256
      70       3.1207
      71       2.7251
      72       2.7298
      73       2.4540
      74       2.4436
      75       2.9763
      76       2.3762
      77       2.7676
      78       2.9078
      79       2.6570
      80       2.7755
      81       3.1578
      82       2.9823
      83       2.9089
      84       2.9607
      85       2.8374
      86       2.5991
      87       2.8275
      88       3.0473
      89       2.8564
      90       2.6873
      91       2.7807
      92       2.6195
      93       2.5041
      94       2.7574
      95       2.6869
      96       2.5673
      97       2.6734
      98       2.8006
      99       2.6004
     100       2.7888
     101       2.8030
     102       2.5245
     103       2.6676
     104       2.6697
     105       2.7556
     106       2.7115
     107       2.7048
     108       2.7763
     109       2.5736
     110       2.6556
     111       2.8095
     112       3.1330
     113       3.1263
     114       2.9375
     115       3.0341
     116       3.0815
     117       3.0623
     118       2.8482
     119       2.6762
     120       2.7598
     121       2.7021
     122       2.8657
     123       2.7860
     124       2.9536
     125       2.8231
     126       2.8083
     127       2.6751
     128       2.9158
     129       3.0079
     130       2.8690
     131       3.2354
     132       3.0127
     133       3.2542
     134       3.2040
     135       3.3575
     136       3.5139
     137       3.1476
     138       3.3984
     139       3.0843
     140       3.2431
     141       3.0845
     142       3.2666
     143       3.0514
     144       2.9446
     145       2.9210
     146       3.0739
     147       3.0215
     148       3.2889
     149       3.0247
     150       3.1391
     151       3.1003
     152       2.9149
     153       3.0129
     154       3.2029
     155       2.9350
     156       3.0653
     157       3.1045
     158       2.9256
     159       3.0609
     160       2.8724
     161       2.8121
     162       2.9741
     163       2.9873
     164       2.9949
     165       2.9271
     166       2.9739
     167       3.2859
     168       3.3081
     169       3.2447
     170       3.5348
     171       3.6671
     172       3.5040
     173       3.7333
     174       3.6472
     175       3.5903
     176       3.7230
     177       3.6205
     178       3.6751
     179       3.3861
     180       3.0477
     181       3.6292
     182       3.2711
     183       3.3335
     184       3.3787
     185       3.4353
     186       3.0519
     187       3.1474
     188       3.0976
     189       2.9092
     190       2.7561
     191       2.6947
     192       2.8655
     193       3.0017
     194       2.8025
     195       3.1027
     196       3.3091
     197       3.5516
     198       3.1603
     199       3.0673
     200       3.0095
     201       3.1789
     202       3.0799
     203       2.9384
     204       2.9903
     205       3.2075
     206       3.0066
     207       3.1082
     208       2.9534
     209       3.0301
     210       3.3581
     211       3.0976
     212       3.2737
     213       3.3718
     214       3.0640
     215       3.1638
     216       3.1461
     217       3.1009
     218       3.1935
     219       3.3280
     220       3.4016
     221       3.5161
     222       3.3572
     223       3.4104
     224       3.5108
     225       3.4136
     226       3.3821
     227       3.4190
     228       3.4729
     229       3.4357
     230       3.5027
     231       3.5761
     232       3.5414
     233       3.4802
     234       3.5505
     235       3.3061
     236       3.2853
     237       3.4060
     238       3.0569
     239       2.5435
     240       2.8089
     241       2.9642
     242       2.6897
     243       2.7765
     244       2.7798
     245       3.2058
     246       3.3557
     247       3.2868
     248       3.1959
     249       3.0688
     250       3.0843
     251       2.9989
     252       3.1266
     253       3.2127
     254       2.9083
     255       3.0736
     256       3.1988
     257       3.4122
     258       3.3326
     259       3.1995
     260       3.1676
     261       3.1519
     262       3.0866
     263       3.2587
     264       3.1466
     265       3.2562
     266       3.2621
     267       3.0046
     268       3.0437
     269       2.8892
     270       3.1708
     271       3.2198
     272       3.2470
     273       3.2464
     274       3.0559
     275       3.2043
     276       3.3655
     277       3.3253
     278       3.3687
     279       3.2069
     280       2.9903
     281       3.0456
     282       2.9483
     283       2.8193
     284       2.7925
     285       2.8660
     286       3.1846
     287       3.1829
     288       3.1536
     289       2.9584
     290       2.7366
     291       2.8649
     292       3.0419
     293       3.0424
     294       2.8083
     295       2.9116
     296       2.8267
     297       2.7171
     298       2.8006
     299       2.7001
     300       2.9492
     301       2.6706
     302       2.6541
     303       2.5358
     304       2.5854
     305       2.8416
     306       2.5388
     307       2.8710
     308       2.9778
     309       2.9413
     310       2.7916
     311       2.8109
     312       2.8506
     313       2.9239
     314       2.9161
     315       2.8795
     316       2.7494
     317       3.1131
     318       2.8835
     319       3.1330
     320       2.9608
     321       2.8446
     322       3.0979
     323       3.1576
     324       3.0184
     325       3.2913
     326       3.1295
     327       3.0520
     328       2.9559
     329       3.2207
     330       2.8820
     331       2.8402
     332       3.1075
     333       2.7312
     334       2.6805
     335       2.7484
     336       2.6769
     337       2.5816
     338       2.5376
     339       2.4329
     340       2.7065
     341       2.6894
     342       2.9244
     343       2.8746
     344       2.9080
     345       2.8309
     346       2.8882
     347       2.8484
     348       2.8247
     349       2.9569
     350       3.0162
     351       3.1874
     352       3.0859
     353       2.8674
     354       3.1766
     355       3.0694
     356       3.1358
     357       2.9566
     358       2.8415
     359       2.9166
     360       2.8469
     361       2.6865
     362       2.7597
     363       2.8418
     364       2.8291
     365       3.1673
     366       3.2676
     367       3.1002
     368       3.1437
     369       3.0934
     370       3.0203
     371       3.1972
     372       2.8813
     373       2.9228
     374       2.8594
     375       3.0132
     376       3.1210
     377       2.8828
     378       2.6112
     379       3.0255
     380       3.1703
     381       3.0760
     382       2.8840
     383       2.8857
     384       2.8853
     385       2.7767
     386       2.7228
     387       2.8771
     388       3.0684
     389       3.0866
     390       2.9771
     391       3.2275
     392       3.2271
     393       3.0718
     394       2.8900
     395       2.8029
     396       2.8925
     397       3.3252
     398       3.1244
     399       2.9893
     400       2.9320
     401       3.0173
     402       3.0539
     403       2.9415
     404       3.0141
     405       3.2805
     406       3.0756
     407       3.5141
     408       3.3123
     409       3.3186
     410       3.1602
     411       3.0916
     412       3.1724
     413       3.2731
     414       3.3934
     415       3.3560
     416       3.2910
     417       3.2123
     418       3.5857
     419       3.2912
     420       3.5592
     421       3.5187
     422       3.2960
     423       3.0977
     424       2.9754
     425       3.2537
     426       3.5295
     427       3.0518
     428       3.0404
     429       3.0971
     430       3.0604
     431       3.0453
     432       3.0469
     433       3.0341
     434       2.9827
     435       3.1828
     436       3.2322
     437       3.1684
     438       3.1890
     439       3.3361
     440       3.2865
     441       2.9411
     442       2.8422
     443       2.9746
     444       3.0245
     445       2.9765
     446       3.2402
     447       3.3161
     448       3.7704
     449       3.6869
     450       3.5087
     451       3.1386
     452       2.8222
     453       2.9427
     454       2.9758
     455       3.0176
     456       2.9971
     457       2.7546
     458       2.9110
     459       2.9747
     460       3.0364
     461       2.9735
     462       3.0275
     463       3.0501
     464       2.9760
     465       3.0469
     466       2.9489
     467       3.0440
     468       3.0393
     469       2.6076
     470       2.9162
     471       3.0025
     472       2.8655
     473       2.5968
     474       2.7563
     475       2.7742
     476       2.7307
     477       2.8411
     478       2.7353
     479       2.8659
     480       2.7744
     481       2.6821
     482       2.7896
     483       2.8945
     484       2.9088
     485       2.8056
     486       2.9738
     487       3.0021
     488       2.8206
     489       2.9214
     490       3.0450
     491       2.9601
     492       2.9130
     493       2.9287
     494       2.8986
     495       2.9246
     496       3.1109
     497       3.0562
     498       2.9088
     499       3.0870
     500       3.0696
     501       3.1707
     502       3.1782
     503       3.1083
     504       3.0637
     505       2.9416
     506       2.9347
     507       3.0104
     508       3.1827
     509       2.8703
     510       2.9736
     511       2.9462
     512       3.2970
     513       2.9656
     514       3.1875
     515       3.1442
     516       2.9847
     517       3.0876
     518       2.9443
     519       2.9474
     520       2.9596
     521       3.1941
     522       3.0408
     523       3.0767
     524       3.1423
     525       3.0197
     526       3.1097
     527       3.2141
     528       2.9963
     529       3.0726
     530       3.1843
     531       3.1543
     532       2.9429
     533       3.2805
     534       2.9370
     535       3.4576
     536       3.1005
     537       3.0244
     538       2.9173
     539       3.0607
     540       3.1696
     541       2.9477
     542       3.1633
     543       3.1837
     544       3.2900
     545       3.1016
     546       3.2089
     547       3.1692
     548       3.1422
     549       2.9345
     550       3.2889
     551       3.3988
     552       3.2032
     553       3.0746
     554       3.2192
     555       3.3300
     556       3.3640
     557       3.4034
     558       3.4258
     559       3.3132
     560       3.2151
     561       3.1983
     562       3.3017
     563       3.2740
     564       3.4960
     565       3.2811
     566       3.3607
     567       3.5989
     568       3.1407
     569       3.1364
     570       3.2670
     571       3.1313
     572       3.2888
     573       3.1118
     574       3.2721
     575       3.3326
     576       3.0153
     577       2.9985
     578       2.9959
     579       3.1050
     580       2.8210
     581       3.2271
     582       3.1136
     583       2.9111
     584       2.8488
     585       2.8455
     586       2.8747
     587       2.7165
     588       2.8270
     589       2.8944
     590       3.0834
     591       3.0498
     592       3.1271
     593       3.0665
     594       2.9378
     595       3.2129
     596       3.2430
     597       3.1487
     598       3.2191
     599       3.1383
     600       3.1005
     601       3.2170
     602       3.2024
     603       3.8226
     604       3.2027
     605       3.1331
     606       3.1309
     607       3.3342
     608       3.4012
     609       3.2842
     610       3.2421
     611       3.1576
     612       3.3801
     613       3.5641
     614       3.5641
     615       3.3196
     616       3.2955
     617       3.2096
     618       3.0309
     619       3.2409
     620       3.4611
     621       3.4438
     622       3.2743
     623       3.4040
     624       3.3619
     625       3.2453
     626       3.2852
     627       3.2614
     628       3.4690
     629       3.3687
     630       3.2654
     631       3.0852
     632       3.0516
     633       3.0941
     634       3.0368
     635       2.9799
     636       3.2847
     637       3.0494
     638       3.1830
     639       3.1285
     640       3.2418
     641       3.2950
     642       3.2401
     643       3.2512
     644       3.3529
     645       3.2974
     646       3.2191
     647       3.4357
     648       3.3586
     649       3.5582
     650       3.4751
     651       3.6396
     652       3.8117
     653       3.5327
     654       3.7540
     655       3.6092
     656       3.5508
     657       3.4832
     658       3.2165
     659       3.2411
     660       3.0669
     661       3.2034
     662       3.3195
     663       3.4499
     664       3.2268
     665       3.2382
     666       3.3618
     667       3.5523
     668       3.6510
     669       3.7473
     670       3.7545
     671       3.5679
     672       3.4897
     673       3.8172
     674       3.6967
     675       3.5348
     676       3.5634
     677       3.5770
     678       3.6569
     679       3.2232
     680       3.3285
     681       3.0701
     682       3.2075
     683       3.4000
     684       3.2945
     685       3.3652
     686       3.2421
     687       3.2781
     688       3.3914
     689       3.4703
     690       3.4291
     691       3.7155
     692       3.3089
     693       3.5799
     694       3.3331
     695       3.6891
     696       3.7454
     697       3.8047
     698       3.5413
     699       3.2989
     700       3.3405
     701       3.4263
     702       3.3588
     703       3.3062
     704       3.4131
     705       3.5617
     706       3.5925
     707       3.5611
     708       3.4907
     709       3.6914
     710       3.6246
     711       3.5789
     712       3.5573
     713       3.4510
     714       3.5386
     715       3.6848
     716       3.5386
     717       3.7246
     718       3.4728
     719       3.4221
     720       3.5943
     721       3.5828
     722       3.4908
     723       3.6101
     724       3.8184
     725       3.9025
     726       3.7614
     727       3.7917
     728       3.7617
     729       3.6852
     730       3.6943
     731       3.7274
     732       3.5211
     733       3.5184
     734       3.7281
     735       3.7080
     736       3.2493
     737       3.3703
     738       3.2346
     739       3.2207
     740       3.3731
     741       3.2856
     742       3.4184
     743       3.4649
     744       3.3029
     745       3.3229
     746       3.3655
     747       3.4424
     748       3.4466
     749       3.3030
     750       3.2363
     751       3.2562
     752       3.4363
     753       3.3237
     754       3.3367
     755       3.3782
     756       3.6515
     757       3.7279
     758       3.5317
     759       3.3922
     760       3.4995
     761       3.5574
     762       3.3038
     763       3.3365
     764       3.3029
     765       3.4459
     766       3.4214
     767       3.2640
     768       3.7021
     769       3.4257
     770       3.3730
     771       3.4894
     772       3.4351
     773       3.3748
     774       3.3100
     775       3.4916
     776       3.3894
     777       3.4644
     778       3.5484
     779       3.4810
     780       3.5914
     781       3.5220
     782       3.3416
     783       3.5650
     784       3.3449
     785       3.5938
     786       3.2707
     787       3.3644
     788       3.1960
     789       3.2647
     790       3.1488
     791       3.4077
     792       3.3744
     793       3.0727
     794       3.2674
     795       3.1226
     796       3.2761
     797       3.0664
     798       3.0408
     799       3.0324
     800       3.1731
     801       3.0746
     802       2.9423
     803       3.2448
     804       3.3691
     805       3.1818
     806       3.4478
     807       3.3640
     808       3.0456
     809       3.3278
     810       3.4444
     811       3.4677
     812       3.2621
     813       3.5784
     814       3.6899
     815       3.8909
     816       3.8218
     817       3.9180
     818       3.7806
     819       3.6188
     820       3.6119
     821       3.6752
     822       3.6513
     823       3.6715
     824       3.8787
     825       3.7118
     826       3.6104
     827       3.8511
     828       3.7094
     829       3.9108
     830       3.8415
     831       3.9535
     832       3.7659
     833       3.7782
     834       3.8451
     835       3.4329
     836       3.5962
     837       3.4829
     838       3.3759
     839       3.6094
     840       3.3816
     841       3.3697
     842       3.4286
     843       3.7043
     844       3.6122
     845       3.9550
     846       4.3754
     847       4.1246
     848       3.8981
     849       3.9804
     850       3.8631
     851       3.9010
     852       3.8387
     853       3.8022
     854       3.8442
     855       4.1046
     856       4.0912
     857       3.6939
     858       3.4072
     859       3.6622
     860       3.8284
     861       3.7004
     862       4.0913
     863       3.9415
     864       3.7635
     865       3.6619
     866       3.8964
     867       3.8851
     868       3.9212
     869       4.0650
     870       3.9259
     871       3.9532
     872       3.9255
     873       4.0022
     874       3.9082
     875       3.9046
     876       4.3013
     877       4.2721
     878       4.2508
     879       3.7116
     880       4.0611
     881       3.6580
     882       4.0159
     883       4.3244
     884       4.1594
     885       4.0490
     886       4.2231
     887       3.8669
     888       3.9181
     889       4.0417
     890       4.0721
     891       4.2949
     892       3.9747
     893       4.1353
     894       4.0926
     895       4.2301
     896       4.2675
     897       4.1826
     898       4.1209
     899       4.2044
     900       4.4716
     901       4.1839
     902       4.1708
     903       4.2918
     904       4.2294
     905       4.2827
     906       3.9448
     907       4.1590
     908       4.1244
     909       4.0519
     910       4.0190
     911       3.9625
     912       4.1509
     913       3.8229
     914       4.0686
     915       4.1269
     916       4.2948
     917       4.3245
     918       3.7418
     919       3.9712
     920       3.8919
     921       4.0382
     922       4.0476
     923       3.8587
     924       3.9485
     925       3.8345
     926       3.9754
     927       4.1359
     928       4.1377
     929       4.2212
     930       4.2042
     931       4.2507
     932       4.1247
     933       4.3244
     934       4.0417
     935       4.0083
     936       4.0141
     937       4.1910
     938       4.2014
     939       3.7908
     940       3.9269
     941       4.0858
     942       4.1035
     943       3.9347
     944       3.9772
     945       3.8861
     946       3.9695
     947       3.8415
     948       3.9367
     949       3.9300
     950       4.3059
     951       3.8188
     952       3.8113
     953       3.9141
     954       4.1856
     955       3.6567
     956       3.5646
     957       3.8771
     958       3.9629
     959       4.1399
     960       4.0788
     961       3.8920
     962       3.8692
     963       3.8618
     964       3.7789
     965       4.0358
     966       3.9469
     967       4.0542
     968       3.8448
     969       3.9967
     970       3.8752
     971       4.1694
     972       3.7765
     973       3.7946
     974       4.1785
     975       3.7946
     976       3.9327
     977       4.1767
     978       3.9468
     979       4.1732
     980       3.8968
     981       4.0607
     982       3.9808
     983       3.7095
     984       3.8168
     985       3.9537
     986       3.9822
     987       4.0757
     988       3.9736
     989       3.8733
     990       4.0045
     991       3.9337
     992       3.9209
     993       3.8975
     994       3.7342
     995       3.9152
     996       3.9839
     997       3.9336
     998       3.9263
     999       3.6639
    1000       4.0412
    1001       3.8103
    1002       4.0025
    1003       3.6106
    1004       3.7091
    1005       3.4424
    1006       3.5766
    1007       3.5607
    1008       3.8338
    1009       3.8523
    1010       3.8074
    1011       3.9193
    1012       3.5867
    1013       3.7358
    1014       3.6018
    1015       3.3630
    1016       3.5389
    1017       3.9604
    1018       3.5133
    1019       3.6828
    1020       3.9538
    1021       3.7847
    1022       3.9720
    1023       3.9649
    1024       3.7905
    1025       3.9765
    1026       3.7432
    1027       3.7670
    1028       3.8064
    1029       3.9271
    1030       3.7731
    1031       3.9771
    1032       3.5604
    1033       3.5836
    1034       3.5555
    1035       3.5984
    1036       3.5453
    1037       3.7797
    1038       3.6156
    1039       3.8709
    1040       3.7854
    1041       3.3620
    1042       3.7240
    1043       3.6906
    1044       3.8420
    1045       3.7315
    1046       3.9145
    1047       3.9041
    1048       3.9830
    1049       4.1310
    1050       3.8343
    1051       3.7137
    1052       3.8123
    1053       3.7842
    1054       3.8496
    1055       4.0478
    1056       3.9412
    1057       3.7877
    1058       3.7987
    1059       3.9260
    1060       4.2301
    1061       4.2258
    1062       3.9450
    1063       3.8104
    1064       3.9305
    1065       4.3122
    1066       3.9751
    1067       3.8250
    1068       4.1262
    1069       4.0024
    1070       4.1746
    1071       4.1659
    1072       4.3214
    1073       4.1689
    1074       4.3077
    1075       3.8669
    1076       3.8050
    1077       3.8592
    1078       3.8993
    1079       3.8331
    1080       3.8356
    1081       3.9691
    1082       3.9130
    1083       4.1929
    1084       4.0616
    1085       4.2281
    1086       4.1259
    1087       4.0696
    1088       3.9736
    1089       3.9461
    1090       4.3847
    1091       4.2413
    1092       4.6224
    1093       4.6931
    1094       4.1911
    1095       4.1819
    1096       4.3811
    1097       4.5510
    1098       4.2039
    1099       4.2660
    1100       4.0700
    1101       3.9546
    1102       3.9415
    1103       4.1153
    1104       4.0998
    1105       3.8624
    1106       3.7880
    1107       4.0388
    1108       4.1337
    1109       4.0234
    1110       4.2234
    1111       4.0809
    1112       3.7428
    1113       4.1918
    1114       4.1803
    1115       3.9817
    1116       3.8370
    1117       3.8576
    1118       3.9362
    1119       4.0938
    1120       3.8407
    1121       4.0580
    1122       3.8776
    1123       3.8760
    1124       3.8404
    1125       3.9293
    1126       4.0883
    1127       3.8897
    1128       4.3668
    1129       4.1284
    1130       4.1674
    1131       3.9286
    1132       3.9667
    1133       3.9793
    1134       3.9408
    1135       3.9308
    1136       3.9875
    1137       3.8785
    1138       4.0685
    1139       3.8768
    1140       3.6583
    1141       3.8601
    1142       3.9858
    1143       4.0864
    1144       4.2220
    1145       3.8690
    1146       3.8520
    1147       3.8164
    1148       3.8843
    1149       3.9370
    1150       3.6962
    1151       3.8337
    1152       4.0810
    1153       3.8460
    1154       4.0149
    1155       4.0483
    1156       4.0446
    1157       3.8065
    1158       3.9497
    1159       3.9476
    1160       3.8497
    1161       4.0475
    1162       4.1342
    1163       3.8495
    1164       3.8694
    1165       3.6887
    1166       3.9325
    1167       4.1588
    1168       3.9745
    1169       3.8187
    1170       3.7833
    1171       3.6973
    1172       3.6355
    1173       3.7228
    1174       3.4948
    1175       3.9285
    1176       3.6738
    1177       3.7522
    1178       3.5995
    1179       3.8295
    1180       3.6884
    1181       3.7990
    1182       4.0074
    1183       4.1005
    1184       3.8348
    1185       3.6368
    1186       3.8311
    1187       3.4655
    1188       3.3635
    1189       3.5751
    1190       3.3013
    1191       3.2699
    1192       3.2906
    1193       3.3391
    1194       3.1376
    1195       3.4969
    1196       3.3298
    1197       3.5484
    1198       3.6338
    1199       3.5048
    1200       3.7368
    1201       3.6363
    1202       3.9262
    1203       3.5001
    1204       3.4861
    1205       3.5220
    1206       3.4853
    1207       3.2880
    1208       3.3952
    1209       3.3610
    1210       3.4046
    1211       3.5314
    1212       3.4916
    1213       3.5814
    1214       3.4156
    1215       3.2863
    1216       3.4709
    1217       3.3898
    1218       3.4534
    1219       3.3605
    1220       3.4786
    1221       3.3227
    1222       3.4866
    1223       3.2536
    1224       3.5060
    1225       3.4255
    1226       3.4574
    1227       3.7081
    1228       3.7484
    1229       3.7060
    1230       3.6427
    1231       3.3860
    1232       3.5505
    1233       3.7045
    1234       3.9318
    1235       3.9696
    1236       3.6520
    1237       3.9077
    1238       4.0208
    1239       3.6790
    1240       3.6929
    1241       3.9021
    1242       3.5947
    1243       3.5613
    1244       3.4060
    1245       3.4471
    1246       3.5872
    1247       3.4497
    1248       3.4081
    1249       3.5684
    1250       3.4336
    1251       3.6016
    1252       3.6481
    1253       3.5421
    1254       3.7915
    1255       3.4012
    1256       3.6787
    1257       3.7060
    1258       3.8359
    1259       3.5381
    1260       3.5063
    1261       3.6858
    1262       3.5381
    1263       3.5837
    1264       3.3392
    1265       3.3620
    1266       3.5958
    1267       3.3653
    1268       3.4624
    1269       3.5058
    1270       3.5069
    1271       3.5321
    1272       3.7280
    1273       3.6213
    1274       3.7400
    1275       4.2122
    1276       3.8856
    1277       3.6918
    1278       3.9477
    1279       3.6715
    1280       3.8216
    1281       3.5934
    1282       3.7240
    1283       3.6326
    1284       3.6352
    1285       3.6767
    1286       3.4980
    1287       3.7543
    1288       3.8910
    1289       3.9056
    1290       3.9022
    1291       3.7928
    1292       3.8991
    1293       3.7865
    1294       4.0908
    1295       3.9979
    1296       3.9481
    1297       3.6685
    1298       3.8800
    1299       4.0091
    1300       3.8902
    1301       3.8420
    1302       4.1217
    1303       4.1862
    1304       3.9621
    1305       3.7371
    1306       3.9155
    1307       4.2813
    1308       3.8497
    1309       3.8470
    1310       3.9702
    1311       3.9598
    1312       3.8255
    1313       3.9906
    1314       3.9298
    1315       3.7407
    1316       3.9777
    1317       3.8723
    1318       3.8294
    1319       3.7807
    1320       3.6095
    1321       3.6495
    1322       3.6155
    1323       3.7330
    1324       3.5769
    1325       3.6099
    1326       3.6265
    1327       3.7654
    1328       3.7709
    1329       3.7217
    1330       3.4369
    1331       3.4647
    1332       3.5650
    1333       3.8385
    1334       3.9302
    1335       3.8459
    1336       3.7424
    1337       3.6609
    1338       3.4099
    1339       3.5389
    1340       3.4350
    1341       3.3645
    1342       3.4072
    1343       3.5035
    1344       3.4587
    1345       3.5820
    1346       3.7285
    1347       3.7161
    1348       3.6186
    1349       3.7346
    1350       3.7984
    1351       3.5187
    1352       3.6391
    1353       3.5938
    1354       3.7162
    1355       3.6741
    1356       3.7591
    1357       3.3129
    1358       3.5143
    1359       3.8804
    1360       3.8544
    1361       3.5399
    1362       3.5668
    1363       3.5473
    1364       4.0304
    1365       3.7565
    1366       3.7453
    1367       3.8043
    1368       3.5587
    1369       3.6696
    1370       3.5420
    1371       3.6548
    1372       3.5040
    1373       3.5584
    1374       3.4799
    1375       3.7475
    1376       3.5411
    1377       3.8711
    1378       3.4982
    1379       3.5053
    1380       3.6381
    1381       3.5229
    1382       3.5738
    1383       3.7688
    1384       3.4862
    1385       3.5172
    1386       3.8063
    1387       3.7436
    1388       3.8354
    1389       3.6816
    1390       3.8873
    1391       3.5632
    1392       3.7067
    1393       3.4839
    1394       3.4263
    1395       3.6436
    1396       3.5168
    1397       3.5170
    1398       3.7676
    1399       3.6614
    1400       3.4524
    1401       3.2668
    1402       3.4615
    1403       3.2900
    1404       3.4878
    1405       3.5352
    1406       3.4070
    1407       3.4432
    1408       3.4128
    1409       3.5482
    1410       3.4703
    1411       3.3828
    1412       3.5940
    1413       3.5535
    1414       3.5084
    1415       3.4833
    1416       3.4923
    1417       3.6499
    1418       3.5777
    1419       3.5375
    1420       3.8984
    1421       3.7517
    1422       3.7655
    1423       3.4374
    1424       3.5562
    1425       3.6712
    1426       3.4764
    1427       3.4997
    1428       3.5899
    1429       3.5443
    1430       3.6554
    1431       3.6540
    1432       3.5833
    1433       3.4886
    1434       3.5100
    1435       3.3769
    1436       3.6708
    1437       3.6834
    1438       3.8525
    1439       3.8732
    1440       4.1113
    1441       3.9582
    1442       3.5357
    1443       3.8220
    1444       3.9130
    1445       3.7020
    1446       3.4075
    1447       3.3716
    1448       3.5907
    1449       3.5283
    1450       3.2851
    1451       3.6394
    1452       3.3756
    1453       3.5050
    1454       3.4580
    1455       3.4966
    1456       3.5188
    1457       3.6869
    1458       3.7254
    1459       3.5056
    1460       3.6809
    1461       3.6771
    1462       3.9004
    1463       3.6001
    1464       3.3556
    1465       3.5173
    1466       3.4113
    1467       3.4563
    1468       3.5222
    1469       3.6764
    1470       3.4835
    1471       3.7964
    1472       3.9036
    1473       3.8395
    1474       3.6278
    1475       3.7650
    1476       3.9281
    1477       3.8777
    1478       3.8290
    1479       3.5716
    1480       3.5634
    1481       3.5805
    1482       3.6939
    1483       3.6910
    1484       3.5718
    1485       3.8962
    1486       3.8276
    1487       3.6759
    1488       3.6468
    1489       3.9013
    1490       3.7882
    1491       3.9033
    1492       3.9291
    1493       3.9965
    1494       4.2747
    1495       3.9370
    1496       3.7953
    1497       3.6881
    1498       3.8357
    1499       3.6649
    1500       3.7161
    1501       3.7395
    1502       4.0208
    1503       3.7377
    1504       3.7350
    1505       3.7352
    1506       4.0511
    1507       3.9935
    1508       3.9126
    1509       3.8028
    1510       3.8899
    1511       3.6610
    1512       3.9367
    1513       3.8007
    1514       3.9480
    1515       3.6880
    1516       3.6358
    1517       3.6527
    1518       3.5920
    1519       3.5448
    1520       3.4346
    1521       3.4621
    1522       3.6803
    1523       3.4704
    1524       3.6075
    1525       3.5977
    1526       3.9613
    1527       3.8954
    1528       3.9533
    1529       4.0383
    1530       3.9209
    1531       4.0226
    1532       4.2652
    1533       4.0069
    1534       4.3257
    1535       4.1075
    1536       4.0380
    1537       3.9089
    1538       3.9616
    1539       3.5620
    1540       3.8875
    1541       3.8044
    1542       3.5156
    1543       3.5100
    1544       3.8309
    1545       3.5584
    1546       3.7754
    1547       3.7074
    1548       3.6516
    1549       3.7209
    1550       3.6316
    1551       3.8814
    1552       3.5826
    1553       3.5115
    1554       3.9008
    1555       3.8103
    1556       3.4850
    1557       4.0938
    1558       3.6196
    1559       3.4230
    1560       3.5601
    1561       3.6292
    1562       3.8826
    1563       3.9608
    1564       3.5715
    1565       3.5023
    1566       3.6378
    1567       3.6212
    1568       3.7757
    1569       3.7203
    1570       3.6938
    1571       3.7413
    1572       3.9581
    1573       3.6057
    1574       3.4404
    1575       3.5826
    1576       3.6692
    1577       3.6513
    1578       3.5155
    1579       3.6305
    1580       3.4815
    1581       3.5712
    1582       3.6685
    1583       3.6816
    1584       3.4623
    1585       3.6445
    1586       3.7512
    1587       3.5622
    1588       3.4941
    1589       3.5496
    1590       3.4537
    1591       3.6318
    1592       3.7510
    1593       3.6694
    1594       3.4278
    1595       3.5505
    1596       3.5787
    1597       3.5262
    1598       3.5516
    1599       3.5028
    1600       3.6451
    1601       3.5508
    1602       3.9186
    1603       3.6596
    1604       3.5383
    1605       3.5451
    1606       3.8377
    1607       3.7171
    1608       3.7603
    1609       3.6706
    1610       3.7345
    1611       3.7777
    1612       3.9289
    1613       3.7052
    1614       3.6791
    1615       3.8128
    1616       4.0293
    1617       3.6747
    1618       3.8865
    1619       4.2360
    1620       3.8471
    1621       3.7355
    1622       3.9673
    1623       3.5097
    1624       3.4728
    1625       3.4118
    1626       3.7071
    1627       3.6770
    1628       3.6378
    1629       3.5000
    1630       3.5427
    1631       3.6531
    1632       3.5903
    1633       3.5218
    1634       3.5445
    1635       3.3532
    1636       3.5262
    1637       3.7648
    1638       3.5820
    1639       3.6862
    1640       3.2921
    1641       3.5389
    1642       3.4737
    1643       3.3228
    1644       3.6938
    1645       3.5722
    1646       3.4606
    1647       4.0692
    1648       3.6779
    1649       3.6573
    1650       3.8058
    1651       3.8477
    1652       3.9705
    1653       3.8642
    1654       3.7519
    1655       3.9838
    1656       3.8060
    1657       3.7426
    1658       3.6582
    1659       3.7724
    1660       3.7648
    1661       3.6952
    1662       3.5876
    1663       3.6961
    1664       3.9366
    1665       3.5556
    1666       3.6451
    1667       3.6080
    1668       3.8024
    1669       3.9446
    1670       3.7455
    1671       3.7115
    1672       3.6905
    1673       3.7704
    1674       3.7806
    1675       4.0252
    1676       3.9029
    1677       3.8985
    1678       3.7441
    1679       3.7274
    1680       3.7973
    1681       3.8463
    1682       3.8639
    1683       3.8582
    1684       3.8237
    1685       3.9158
    1686       3.8945
    1687       3.9580
    1688       4.0265
    1689       4.0376
    1690       3.8720
    1691       3.8223
    1692       4.0531
    1693       3.6943
    1694       4.2071
    1695       3.7914
    1696       3.7621
    1697       3.4842
    1698       3.5361
    1699       3.3895
    1700       3.6538
    1701       3.6764
    1702       3.6370
    1703       3.7602
    1704       3.7452
    1705       3.2469
    1706       3.2222
    1707       3.2159
    1708       3.5162
    1709       3.4705
    1710       3.6206
    1711       3.5667
    1712       3.8008
    1713       3.6916
    1714       3.5524
    1715       3.7933
    1716       3.4974
    1717       3.4929
    1718       3.4510
    1719       3.6702
    1720       3.7813
    1721       3.6038
    1722       3.3800
    1723       3.2473
    1724       3.3797
    1725       3.3810
    1726       3.5175
    1727       3.3378
    1728       3.5101
    1729       3.3606
    1730       3.2974
    1731       3.1286
    1732       3.4113
    1733       3.4298
    1734       3.6195
    1735       3.4005
    1736       3.3428
    1737       3.6826
    1738       3.4920
    1739       3.8311
    1740       3.4570
    1741       3.5944
    1742       3.7556
    1743       3.6772
    1744       3.6684
    1745       3.7220
    1746       3.7526
    1747       3.6690
    1748       3.4930
    1749       3.3810
    1750       3.5383
    1751       3.3593
    1752       3.8489
    1753       3.6385
    1754       3.4826
    1755       3.6719
    1756       3.5163
    1757       3.6459
    1758       3.4302
    1759       3.4867
    1760       3.5504
    1761       3.3491
    1762       3.6227
    1763       3.7718
    1764       3.4388
    1765       3.5120
    1766       3.5918
    1767       3.8007
    1768       3.7447
    1769       3.6729
    1770       3.6305
    1771       3.7297
    1772       3.5535
    1773       3.5314
    1774       3.6121
    1775       3.5802
    1776       3.5695
    1777       3.6310
    1778       3.2650
    1779       3.5785
    1780       3.5610
    1781       3.7451
    1782       3.8119
    1783       3.8427
    1784       3.7294
    1785       3.8244
    1786       3.7495
    1787       3.6683
    1788       3.8369
    1789       3.4320
    1790       3.8343
    1791       3.5539
    1792       3.6990
    1793       3.5930
    1794       3.5950
    1795       3.8599
    1796       3.7188
    1797       3.6248
    1798       3.1986
    1799       3.3952
    1800       3.7783
    1801       3.7649
    1802       3.8032
    1803       3.4823
    1804       3.4168
    1805       3.6264
    1806       3.7805
    1807       3.5724
    1808       3.5227
    1809       3.5460
    1810       3.7653
    1811       3.6925
    1812       3.6520
    1813       3.7186
    1814       3.9230
    1815       3.5882
    1816       3.7530
    1817       3.9440
    1818       3.8448
    1819       3.9299
    1820       3.7988
    1821       3.7925
    1822       3.4963
    1823       3.5657
    1824       3.6478
    1825       3.5159
    1826       3.2539
    1827       3.4091
    1828       3.3332
    1829       3.6308
    1830       3.8619
    1831       3.6141
    1832       3.5368
    1833       3.4518
    1834       3.4093
    1835       3.7535
    1836       3.7631
    1837       3.5570
    1838       3.5098
    1839       3.6623
    1840       3.5307
    1841       3.3253
    1842       3.5711
    1843       3.4824
    1844       3.5188
    1845       3.3616
    1846       3.4735
    1847       3.3371
    1848       3.5446
    1849       3.3668
    1850       3.6143
    1851       3.3203
    1852       3.4657
    1853       3.8350
    1854       3.5767
    1855       3.3917
    1856       3.6044
    1857       3.5116
    1858       3.1939
    1859       3.3801
    1860       3.4313
    1861       3.6629
    1862       3.3494
    1863       3.3115
    1864       3.5490
    1865       3.3064
    1866       3.2050
    1867       3.2343
    1868       3.1169
    1869       3.0582
    1870       3.2036
    1871       3.0841
    1872       3.1913
    1873       3.5259
    1874       3.4475
    1875       3.3171
    1876       3.4837
    1877       3.4431
    1878       3.6095
    1879       3.6989
    1880       3.5944
    1881       4.0729
    1882       3.7095
    1883       3.9461
    1884       3.9956
    1885       4.1438
    1886       3.8898
    1887       3.8093
    1888       3.5744
    1889       3.8932
    1890       3.8778
    1891       3.9185
    1892       3.6938
    1893       3.6639
    1894       3.7723
    1895       3.7339
    1896       3.7658
    1897       3.6300
    1898       3.6615
    1899       3.8808
    1900       3.8320
    1901       3.5805
    1902       3.6205
    1903       3.4173
    1904       3.4291
    1905       3.5624
    1906       3.7177
    1907       3.7384
    1908       3.6664
    1909       3.8207
    1910       3.5670
    1911       3.8117
    1912       3.3454
    1913       3.4370
    1914       3.7269
    1915       3.5214
    1916       3.4905
    1917       3.4687
    1918       3.4778
    1919       3.6216
    1920       3.5497
    1921       3.3120
    1922       3.4652
    1923       3.4618
    1924       3.6710
    1925       3.6726
    1926       3.7790
    1927       3.7152
    1928       3.6459
    1929       3.5357
    1930       3.7083
    1931       3.9812
    1932       3.5725
    1933       3.5189
    1934       3.6081
    1935       3.7255
    1936       4.0016
    1937       3.6012
    1938       3.8582
    1939       3.7797
    1940       3.7655
    1941       3.7253
    1942       4.0847
    1943       4.1615
    1944       3.7421
    1945       3.7482
    1946       3.9482
    1947       3.8750
    1948       3.9710
    1949       3.9507
    1950       3.9271
    1951       3.8819
    1952       3.7208
    1953       3.6775
    1954       3.8512
    1955       3.9104
    1956       3.6803
    1957       4.1772
    1958       4.1721
    1959       3.9122
    1960       3.6848
    1961       3.8532
    1962       3.7937
    1963       3.6345
    1964       3.6551
    1965       3.6004
    1966       4.0023
    1967       3.8564
    1968       3.9914
    1969       3.8317
    1970       3.9574
    1971       3.9538
    1972       3.8357
    1973       3.7584
    1974       3.8004
    1975       3.7062
    1976       3.3888
    1977       3.9552
    1978       3.7996
    1979       3.8754
    1980       3.7518
    1981       3.9801
    1982       3.9898
    1983       4.0555
    1984       3.5672
    1985       3.6697
    1986       3.9101
    1987       3.9550
    1988       4.1072
    1989       3.8803
    1990       4.1064
    1991       3.7034
    1992       3.8571
    1993       3.9878
    1994       3.8709
    1995       3.9492
    1996       4.0111
    1997       3.5101
    1998       3.6368
    1999       4.0690
    2000       4.2260
    2001       3.7135
    2002       4.0494
    2003       4.0350
    2004       3.9459
    2005       3.9828
    2006       4.0925
    2007       3.6654
    2008       3.7752
    2009       3.7984
    2010       3.5713
    2011       3.5367
    2012       3.7119
    2013       3.7769
    2014       3.9163
    2015       4.0455
    2016       3.7789
    2017       3.8188
    2018       4.0191
    2019       4.1146
    2020       3.7837
    2021       3.7181
    2022       3.5283
    2023       3.7544
    2024       4.3180
    2025       3.9130
    2026       4.0600
    2027       4.0257
    2028       3.7049
    2029       3.7887
    2030       4.0255
    2031       3.9242
    2032       4.0791
    2033       3.7519
    2034       3.6185
    2035       3.8758
    2036       3.9110
    2037       4.0941
    2038       3.9347
    2039       4.1611
    2040       4.1030
    2041       4.2088
    2042       4.3427
    2043       4.2808
    2044       3.9329
    2045       3.9097
    2046       4.0609
    2047       4.0105
    2048       4.2227
    2049       4.1114
    2050       4.1979
    2051       4.1807
    2052       4.2004
    2053       4.0435
    2054       4.2890
    2055       3.7340
    2056       3.8990
    2057       4.0693
    2058       3.8752
    2059       4.3266
    2060       3.9885
    2061       4.3554
    2062       4.2758
    2063       4.1786
    2064       4.1605
    2065       3.9920
    2066       4.1687
    2067       3.9147
    2068       4.0951
    2069       3.9402
    2070       4.0837
    2071       3.9186
    2072       3.9413
    2073       4.0115
    2074       3.8501
    2075       3.6510
    2076       3.8978
    2077       3.7850
    2078       4.0581
    2079       3.9020
    2080       3.8219
    2081       3.8016
    2082       4.0110
    2083       3.9855
    2084       4.2110
    2085       3.8506
    2086       4.1872
    2087       3.7803
    2088       3.7172
    2089       3.8978
    2090       4.0942
    2091       3.7686
    2092       3.8620
    2093       3.8135
    2094       3.7983
    2095       3.8451
    2096       3.7260
    2097       4.0103
    2098       3.9975
    2099       3.7033
    2100       3.9149
    2101       3.8749
    2102       3.8388
    2103       4.1622
    2104       3.9414
    2105       3.8818
    2106       4.1910
    2107       4.3098
    2108       4.0946
    2109       3.7906
    2110       3.8285
    2111       3.8857
    2112       3.7589
    2113       3.8876
    2114       3.9013
    2115       3.8557
    2116       4.0093
    2117       3.7523
    2118       3.8028
    2119       3.6528
    2120       3.9552
    2121       3.8236
    2122       3.8870
    2123       3.7749
    2124       3.5082
    2125       3.7903
    2126       3.7630
    2127       3.8046
    2128       4.1105
    2129       3.7329
    2130       3.7570
    2131       3.7132
    2132       4.2138
    2133       4.1099
    2134       3.9088
    2135       3.9001
    2136       4.1228
    2137       4.0149
    2138       4.0274
    2139       3.7885
    2140       3.6233
    2141       3.8870
    2142       3.8082
    2143       3.9284
    2144       4.1969
    2145       3.8511
    2146       3.7931
    2147       3.8960
    2148       3.8879
    2149       3.9203
    2150       4.1100
    2151       4.1807
    2152       4.0079
    2153       4.0166
    2154       3.8017
    2155       3.8832
    2156       3.6490
    2157       3.7571
    2158       3.8619
    2159       3.9633
    2160       3.8830
    2161       3.6958
    2162       3.7344
    2163       3.8069
    2164       3.7873
    2165       3.7925
    2166       3.7487
    2167       3.7189
    2168       3.6884
    2169       3.7428
    2170       3.8295
    2171       3.4773
    2172       3.5733
    2173       3.8509
    2174       4.1512
    2175       3.8190
    2176       3.7604
    2177       3.7880
    2178       4.1229
    2179       3.9742
    2180       3.9435
    2181       4.0999
    2182       3.8122
    2183       3.9138
    2184       3.9158
    2185       4.0051
    2186       4.0860
    2187       3.8947
    2188       3.5683
    2189       3.8925
    2190       3.9533
    2191       3.9326
    2192       3.7322
    2193       3.8100
    2194       3.8634
    2195       3.7978
    2196       3.6238
    2197       3.4274
    2198       3.6840
    2199       3.7744
    2200       3.5006
    2201       3.5186
    2202       3.6121
    2203       3.7716
    2204       3.7924
    2205       3.5937
    2206       3.5709
    2207       3.5674
    2208       3.6002
    2209       3.0387
    2210       3.0845
    2211       3.1354
    2212       3.1264
    2213       3.3224
    2214       3.3993
    2215       3.2754
    2216       3.3777
    2217       3.2203
    2218       3.3693
    2219       3.4117
    2220       3.4076
    2221       3.3332
    2222       3.1800
    2223       3.4011
    2224       3.4174
    2225       3.5655
    2226       3.5492
    2227       3.3368
    2228       3.3984
    2229       3.6203
    2230       3.7969
    2231       3.5304
    2232       3.4216
    2233       3.4838
    2234       3.3324
    2235       3.4081
    2236       3.3565
    2237       3.6638
    2238       3.5807
    2239       3.5713
    2240       3.6098
    2241       3.8561
    2242       3.9290
    2243       3.4740
    2244       3.7735
    2245       3.5302
    2246       3.4376
    2247       3.5634
    2248       3.6590
    2249       3.2963
    2250       3.3810
    2251       3.5199
    2252       3.5095
    2253       3.4199
    2254       3.6308
    2255       3.9089
    2256       3.5659
    2257       3.6914
    2258       3.6901
    2259       3.5393
    2260       3.8256
    2261       3.8733
    2262       4.0096
    2263       4.0109
    2264       4.0449
    2265       3.9479
    2266       4.2933
    2267       3.7786
    2268       3.6516
    2269       3.8614
    2270       3.7684
    2271       3.8504
    2272       3.8103
    2273       3.5624
    2274       3.6454
    2275       3.5900
    2276       3.6942
    2277       3.8956
    2278       4.0823
    2279       3.7728
    2280       3.6148
    2281       3.8675
    2282       3.8092
    2283       3.6988
    2284       3.9628
    2285       3.7542
    2286       3.8217
    2287       4.0566
    2288       3.9463
    2289       3.9471
    2290       3.9647
    2291       3.7553
    2292       3.7115
    2293       3.9233
    2294       3.9045
    2295       3.6345
    2296       3.9502
    2297       3.9577
    2298       3.7278
    2299       4.0339
    2300       3.9774
    2301       3.9086
    2302       3.8744
    2303       3.8477
    2304       3.8326
    2305       3.7844
    2306       3.9222
    2307       3.8462
    2308       3.8112
    2309       3.8880
    2310       3.8404
    2311       3.7157
    2312       3.5322
    2313       3.3101
    2314       3.3110
    2315       3.5250
    2316       3.3496
    2317       3.6052
    2318       3.4889
    2319       3.4088
    2320       3.4651
    2321       3.9531
    2322       3.8598
    2323       3.8707
    2324       3.6560
    2325       3.7937
    2326       3.6152
    2327       3.6648
    2328       3.7887
    2329       3.9302
    2330       3.6125
    2331       3.6180
    2332       3.8090
    2333       3.6397
    2334       3.5008
    2335       3.5861
    2336       3.5970
    2337       3.7766
    2338       3.6613
    2339       3.7500
    2340       3.5727
    2341       3.6827
    2342       3.6214
    2343       3.8519
    2344       3.7496
    2345       3.9173
    2346       3.8167
    2347       3.7451
    2348       3.7072
    2349       3.6399
    2350       3.9210
    2351       3.6614
    2352       3.9455
    2353       3.4659
    2354       3.3415
    2355       3.4351
    2356       3.6838
    2357       3.6488
    2358       3.5387
    2359       3.5176
    2360       3.3018
    2361       3.3298
    2362       3.5643
    2363       3.4355
    2364       3.6387
    2365       3.5911
    2366       3.5179
    2367       3.6068
    2368       3.8378
    2369       4.0276
    2370       3.8395
    2371       3.6425
    2372       3.6402
    2373       3.4986
    2374       3.7620
    2375       3.9362
    2376       3.3572
    2377       3.4748
    2378       3.5986
    2379       3.5748
    2380       3.6979
    2381       3.2997
    2382       3.5241
    2383       3.2370
    2384       3.6034
    2385       3.7342
    2386       3.3831
    2387       3.4000
    2388       3.4547
    2389       3.5831
    2390       3.6623
    2391       3.2531
    2392       3.3706
    2393       3.5422
    2394       3.5379
    2395       3.4031
    2396       3.5232
    2397       3.5667
    2398       3.5850
    2399       3.5330
    2400       3.6864
    2401       3.4153
    2402       3.4094
    2403       3.5653
    2404       3.8449
    2405       3.6705
    2406       3.4409
    2407       3.7957
    2408       3.8237
    2409       4.0291
    2410       3.8044
    2411       3.4295
    2412       3.6594
    2413       3.8190
    2414       3.6222
    2415       3.6819
    2416       3.6352
    2417       3.7220
    2418       3.6044
    2419       3.6627
    2420       3.1261
    2421       3.7976
    2422       3.4101
    2423       3.6235
    2424       3.7063
    2425       3.7367
    2426       3.9001
    2427       3.5792
    2428       3.6835
    2429       3.7138
    2430       3.4939
    2431       3.6718
    2432       3.7352
    2433       3.7703
    2434       3.4445
    2435       3.6891
    2436       3.7016
    2437       3.4219
    2438       3.3787
    2439       3.7298
    2440       3.6850
    2441       3.5177
    2442       3.4674
    2443       3.6503
    2444       3.4593
    2445       3.4152
    2446       3.7313
    2447       3.9561
    2448       3.6374
    2449       3.5016
    2450       3.5879
    2451       3.4076
    2452       3.7101
    2453       3.8015
    2454       4.1295
    2455       3.6375
    2456       3.6098
    2457       3.7324
    2458       3.7726
    2459       4.0981
    2460       3.9939
    2461       3.7903
    2462       3.8598
    2463       3.5334
    2464       3.4999
    2465       3.7633
    2466       3.7618
    2467       3.6572
    2468       3.4474
    2469       3.5111
    2470       3.4306
    2471       3.5948
    2472       3.6868
    2473       3.8001
    2474       3.8952
    2475       3.4136
    2476       3.5667
    2477       3.5987
    2478       3.5099
    2479       3.7108
    2480       3.8591
    2481       4.0684
    2482       3.5884
    2483       3.4564
    2484       3.6786
    2485       3.5401
    2486       3.4500
    2487       3.4232
    2488       3.5979
    2489       3.3461
    2490       3.5430
    2491       3.4886
    2492       3.4229
    2493       3.5565
    2494       3.5173
    2495       3.5972
    2496       3.4564
    2497       3.4286
    2498       3.4373
    2499       3.6932
    2500       3.4562
    2501       3.3712
    2502       3.5150
    2503       3.3784
    2504       3.2888
    2505       3.2882
    2506       3.2643
    2507       3.1788
    2508       3.2459
    2509       3.1937
    2510       3.5376
    2511       3.3645
    2512       3.5259
    2513       3.4432
    2514       3.5261
    2515       3.2423
    2516       3.3164
    2517       3.4717
    2518       3.3500
    2519       3.3501
    2520       3.3983
    2521       3.1851
    2522       3.4041
    2523       3.5499
    2524       3.2743
    2525       3.3574
    2526       3.4374
    2527       3.3345
    2528       3.3701
    2529       3.5167
    2530       3.2656
    2531       3.3715
    2532       3.2760
    2533       3.1501
    2534       3.3228
    2535       3.4249
    2536       3.4504
    2537       3.2816
    2538       3.6852
    2539       3.2603
    2540       3.2776
    2541       3.4303
    2542       3.4046
    2543       3.2490
    2544       3.5782
    2545       3.5002
    2546       3.3653
    2547       3.2226
    2548       3.5579
    2549       3.4077
    2550       3.3508
    2551       3.3782
    2552       3.4934
    2553       3.5452
    2554       3.4821
    2555       3.4795
    2556       3.3798
    2557       3.5174
    2558       3.5020
    2559       3.3169
    2560       3.5011
    2561       3.2811
    2562       3.4684
    2563       3.5416
    2564       3.7569
    2565       3.2303
    2566       3.3877
    2567       3.4296
    2568       3.2173
    2569       3.3335
    2570       3.5366
    2571       3.5717
    2572       3.4705
    2573       3.4848
    2574       3.4164
    2575       3.5022
    2576       3.5387
    2577       3.4899
    2578       3.3376
    2579       3.3821
    2580       3.4161
    2581       3.6270
    2582       3.5227
    2583       3.5800
    2584       3.7125
    2585       3.8850
    2586       3.6030
    2587       3.5014
    2588       3.6498
    2589       3.5554
    2590       3.5110
    2591       3.6763
    2592       3.6787
    2593       3.1891
    2594       3.5649
    2595       3.3752
    2596       3.5387
    2597       3.4880
    2598       3.5046
    2599       3.4748
    2600       3.5358
    2601       3.4412
    2602       3.4746
    2603       3.5221
    2604       3.5177
    2605       3.5499
    2606       3.3251
    2607       3.6172
    2608       3.4665
    2609       3.4322
    2610       3.5751
    2611       3.5129
    2612       3.5128
    2613       3.4461
    2614       3.7679
    2615       3.7806
    2616       3.4718
    2617       3.4141
    2618       3.5856
    2619       3.5773
    2620       3.7206
    2621       3.7486
    2622       3.5926
    2623       3.5650
    2624       3.5801
    2625       3.6851
    2626       3.7232
    2627       3.8351
    2628       3.7430
    2629       3.5497
    2630       3.6150
    2631       3.5351
    2632       3.4219
    2633       3.4526
    2634       3.2339
    2635       3.1521
    2636       3.3880
    2637       3.3980
    2638       3.5113
    2639       3.4818
    2640       3.4778
    2641       3.4166
    2642       3.4203
    2643       3.6798
    2644       3.3715
    2645       3.4275
    2646       3.4837
    2647       3.5760
    2648       3.4532
    2649       3.6077
    2650       3.7689
    2651       3.6722
    2652       3.5230
    2653       3.3782
    2654       3.5049
    2655       3.4550
    2656       3.4876
    2657       3.5825
    2658       3.4469
    2659       3.6776
    2660       4.0505
    2661       3.6486
    2662       3.5054
    2663       3.6754
    2664       3.7179
    2665       3.6783
    2666       3.6762
    2667       3.8108
    2668       3.6505
    2669       3.6650
    2670       4.0590
    2671       3.6711
    2672       3.9763
    2673       3.6723
    2674       3.4970
    2675       3.6380
    2676       3.5553
    2677       3.6529
    2678       3.7328
    2679       3.5600
    2680       3.3660
    2681       3.7234
    2682       3.8299
    2683       3.5311
    2684       3.5611
    2685       3.7944
    2686       3.7027
    2687       3.7352
    2688       3.4057
    2689       3.6284
    2690       3.5577
    2691       3.4434
    2692       3.3259
    2693       3.1217
    2694       3.1858
    2695       3.4465
    2696       3.3595
    2697       3.3084
    2698       3.6418
    2699       3.4888
    2700       3.2352
    2701       3.3115
    2702       3.6247
    2703       3.2949
    2704       3.3102
    2705       3.3787
    2706       3.3071
    2707       3.2995
    2708       3.3633
    2709       3.4018
    2710       3.5611
    2711       3.4306
    2712       3.4403
    2713       3.4747
    2714       3.3308
    2715       3.5366
    2716       3.5914
    2717       3.7445
    2718       3.6455
    2719       3.6263
    2720       3.7907
    2721       3.6274
    2722       3.7766
    2723       3.7586
    2724       3.5393
    2725       3.7674
    2726       3.6858
    2727       3.7758
    2728       3.8812
    2729       3.8928
    2730       3.4981
    2731       3.4243
    2732       3.4878
    2733       3.5497
    2734       3.4186
    2735       3.7140
    2736       3.4025
    2737       3.3584
    2738       3.5893
    2739       3.2724
    2740       3.4640
    2741       3.3623
    2742       3.5732
    2743       3.6701
    2744       3.6515
    2745       3.4960
    2746       3.8892
    2747       4.0438
    2748       3.8112
    2749       3.9260
    2750       3.7447
    2751       3.8322
    2752       3.4123
    2753       3.7212
    2754       3.5555
    2755       3.7497
    2756       3.8534
    2757       3.2553
    2758       3.4746
    2759       3.7984
    2760       3.5579
    2761       3.7364
    2762       3.3144
    2763       3.3248
    2764       3.2837
    2765       3.5167
    2766       3.6158
    2767       3.4840
    2768       3.6101
    2769       3.4064
    2770       3.6055
    2771       3.5770
    2772       3.7628
    2773       3.8828
    2774       3.8061
    2775       3.8923
    2776       3.6014
    2777       3.6230
    2778       3.6532
    2779       3.4633
    2780       3.4002
    2781       3.6816
    2782       3.6879
    2783       3.7722
    2784       3.4395
    2785       3.4721
    2786       3.6091
    2787       3.4982
    2788       3.5774
    2789       3.7542
    2790       3.5039
    2791       3.8549
    2792       3.5548
    2793       3.8288
    2794       3.7915
    2795       3.7614
    2796       3.6861
    2797       3.7535
    2798       3.5973
    2799       3.6581
    2800       3.3477
    2801       3.6943
    2802       3.6296
    2803       3.5682
    2804       3.7781
    2805       3.7495
    2806       3.6314
    2807       3.4397
    2808       3.5739
    2809       3.5962
    2810       3.7963
    2811       3.7158
    2812       3.4176
    2813       3.4914
    2814       3.5132
    2815       3.4292
    2816       3.6077
    2817       3.7093
    2818       3.4454
    2819       3.5254
    2820       3.3015
    2821       3.4862
    2822       3.4045
    2823       3.5577
    2824       3.6398
    2825       3.7819
    2826       3.7377
    2827       3.5880
    2828       3.8483
    2829       3.7080
    2830       3.4259
    2831       3.7384
    2832       3.5009
    2833       3.6927
    2834       3.9964
    2835       3.7093
    2836       3.7975
    2837       3.7264
    2838       3.8501
    2839       3.6833
    2840       3.8513
    2841       3.7421
    2842       4.0592
    2843       3.9429
    2844       3.6640
    2845       3.7285
    2846       3.8974
    2847       3.7660
    2848       4.1375
    2849       3.9633
    2850       3.5492
    2851       3.8366
    2852       3.6638
    2853       3.7604
    2854       3.8732
    2855       3.8759
    2856       3.9783
    2857       3.8247
    2858       3.6839
    2859       3.5234
    2860       3.6496
    2861       3.6148
    2862       3.6562
    2863       3.6312
    2864       3.8320
    2865       3.5832
    2866       3.6136
    2867       3.6355
    2868       3.8064
    2869       3.8842
    2870       3.8783
    2871       3.7508
    2872       4.0814
    2873       3.6321
    2874       3.6879
    2875       3.6519
    2876       3.7791
    2877       3.7319
    2878       3.8051
    2879       3.6100
    2880       3.8050
    2881       3.6901
    2882       3.6457
    2883       3.7818
    2884       3.6433
    2885       3.7546
    2886       4.1187
    2887       4.1021
    2888       3.9566
    2889       3.5889
    2890       3.8216
    2891       3.6515
    2892       3.6191
    2893       3.7485
    2894       3.6151
    2895       3.3335
    2896       3.8547
    2897       3.7295
    2898       3.5915
    2899       3.3004
    2900       3.3296
    2901       3.4471
    2902       3.4013
    2903       3.5423
    2904       3.5978
    2905       3.4608
    2906       3.4388
    2907       3.4151
    2908       3.5136
    2909       3.3289
    2910       3.2862
    2911       3.6103
    2912       3.6401
    2913       3.6572
    2914       3.9152
    2915       3.5075
    2916       3.7288
    2917       3.5735
    2918       3.6258
    2919       3.6845
    2920       3.4793
    2921       3.4387
    2922       3.6335
    2923       3.2951
    2924       3.5838
    2925       3.5803
    2926       3.4984
    2927       3.6924
    2928       3.5240
    2929       3.5595
    2930       3.6260
    2931       3.5227
    2932       3.4549
    2933       3.8923
    2934       3.7656
    2935       3.7717
    2936       3.6869
    2937       3.4013
    2938       3.4854
    2939       3.4473
    2940       3.3946
    2941       3.8245
    2942       3.2505
    2943       3.5062
    2944       3.4712
    2945       3.9791
    2946       3.7534
    2947       3.9320
    2948       3.7815
    2949       3.5380
    2950       3.7820
    2951       3.5559
    2952       3.7492
    2953       3.7791
    2954       3.6882
    2955       3.9829
    2956       3.7935
    2957       3.5859
    2958       3.3483
    2959       3.4232
    2960       3.7747
    2961       3.3738
    2962       3.4664
    2963       3.4195
    2964       3.6432
    2965       3.7218
    2966       3.1556
    2967       3.4085
    2968       3.5000
    2969       3.6289
    2970       3.3622
    2971       3.4859
    2972       3.5286
    2973       3.6965
    2974       3.7482
    2975       3.7648
    2976       3.7259
    2977       3.5687
    2978       3.4039
    2979       3.6043
    2980       3.6276
    2981       3.5903
    2982       3.4927
    2983       3.4751
    2984       3.3060
    2985       3.4792
    2986       3.4463
    2987       3.1074
    2988       3.4579
    2989       3.3473
    2990       3.5376
    2991       3.2588
    2992       3.2031
    2993       3.4857
    2994       3.4444
    2995       3.4666
    2996       3.2413
    2997       3.3645
    2998       3.2959
    2999       3.2891
    3000       3.4709
    3001       3.5409
    3002       3.7106
    3003       3.8805
    3004       3.8295
    3005       3.8390
    3006       3.8156
    3007       3.6532
    3008       3.7137
    3009       3.9116
    3010       3.7868
    3011       3.9723
    3012       4.0693
    3013       3.6995
    3014       3.5804
    3015       3.9593
    3016       3.6641
    3017       3.7463
    3018       3.6869
    3019       3.6669
    3020       3.7100
    3021       3.3320
    3022       3.7240
    3023       3.6415
    3024       3.5817
    3025       3.7044
    3026       3.6381
    3027       3.6161
    3028       3.4714
    3029       3.6281
    3030       3.7826
    3031       3.7400
    3032       3.7196
    3033       4.1579
    3034       3.8117
    3035       3.4781
    3036       3.7790
    3037       3.7831
    3038       3.5408
    3039       3.5869
    3040       3.3213
    3041       3.4524
    3042       3.5566
    3043       3.4724
    3044       3.4923
    3045       3.4895
    3046       3.6992
    3047       3.6705
    3048       3.5090
    3049       3.5016
    3050       3.7166
    3051       3.6067
    3052       3.4146
    3053       3.3901
    3054       3.6646
    3055       3.4490
    3056       3.2357
    3057       3.5805
    3058       3.5304
    3059       3.4532
    3060       3.5337
    3061       3.3699
    3062       3.5295
    3063       3.4104
    3064       3.6608
    3065       3.4889
    3066       3.4991
    3067       3.4904
    3068       3.3257
    3069       3.4897
    3070       3.4061
    3071       3.4135
    3072       3.6332
    3073       3.4929
    3074       3.2130
    3075       3.7267
    3076       3.4868
    3077       3.7607
    3078       3.8398
    3079       3.5910
    3080       3.5121
    3081       3.5419
    3082       3.6048
    3083       3.4051
    3084       3.5243
    3085       3.4880
    3086       3.3828
    3087       3.8108
    3088       3.2122
    3089       3.5381
    3090       3.3662
    3091       3.4118
    3092       3.1963
    3093       3.3929
    3094       3.3625
    3095       3.2473
    3096       3.2316
    3097       3.6973
    3098       3.7052
    3099       3.7698
    3100       3.5090
    3101       3.7197
    3102       3.6185
    3103       3.5573
    3104       3.4832
    3105       3.4874
    3106       3.3337
    3107       3.3686
    3108       3.6631
    3109       3.3478
    3110       3.5120
    3111       3.5426
    3112       3.6146
    3113       3.3718
    3114       3.6461
    3115       3.5204
    3116       3.8790
    3117       3.8794
    3118       3.6060
    3119       3.8094
    3120       3.4074
    3121       3.5770
    3122       3.8063
    3123       3.7975
    3124       3.4878
    3125       3.5082
    3126       3.4985
    3127       3.5028
    3128       3.4293
    3129       3.4626
    3130       3.6512
    3131       3.2480
    3132       3.2580
    3133       3.4177
    3134       3.3325
    3135       3.2721
    3136       3.3930
    3137       3.4546
    3138       3.6199
    3139       3.4753
    3140       3.3190
    3141       3.5975
    3142       3.6048
    3143       3.5428
    3144       3.5586
    3145       3.5409
    3146       3.3451
    3147       3.5098
    3148       3.6101
    3149       3.4799
    3150       3.4345
    3151       3.3066
    3152       3.3142
    3153       3.5651
    3154       3.4161
    3155       3.3417
    3156       3.4064
    3157       3.3705
    3158       3.2495
    3159       3.2985
    3160       3.5866
    3161       3.6110
    3162       3.5405
    3163       3.3851
    3164       3.4237
    3165       3.4262
    3166       3.2271
    3167       3.2300
    3168       3.4493
    3169       3.4007
    3170       3.3030
    3171       3.3461
    3172       2.9574
    3173       3.3167
    3174       3.4065
    3175       3.0738
    3176       3.2344
    3177       3.3881
    3178       3.3738
    3179       3.5190
    3180       3.4150
    3181       3.4988
    3182       3.4638
    3183       3.1177
    3184       3.1365
    3185       3.4397
    3186       3.5350
    3187       3.3287
    3188       3.4725
    3189       3.4248
    3190       3.4241
    3191       3.4522
    3192       3.4310
    3193       3.5206
    3194       3.3994
    3195       3.5324
    3196       3.4824
    3197       3.3800
    3198       3.2149
    3199       3.5198
    3200       3.2593
    3201       3.2281
    3202       3.5839
    3203       3.6674
    3204       3.6147
    3205       3.6817
    3206       3.5501
    3207       3.6202
    3208       3.4325
    3209       3.2776
    3210       3.5369
    3211       3.4726
    3212       3.5469
    3213       3.4205
    3214       3.3907
    3215       3.0466
    3216       3.3014
    3217       3.3534
    3218       3.5334
    3219       3.6293
    3220       3.4492
    3221       3.6657
    3222       3.4774
    3223       3.5597
    3224       3.6237
    3225       3.7792
    3226       3.9908
    3227       3.6512
    3228       3.4003
    3229       3.3905
    3230       3.6994
    3231       3.6103
    3232       3.6296
    3233       3.3250
    3234       3.6553
    3235       3.7347
    3236       3.5562
    3237       3.6206
    3238       3.4502
    3239       3.4821
    3240       3.6141
    3241       3.4336
    3242       3.5459
    3243       3.4877
    3244       3.4706
    3245       3.4911
    3246       3.4836
    3247       3.5060
    3248       3.5234
    3249       3.5935
    3250       3.4108
    3251       3.2934
    3252       3.2363
    3253       3.5673
    3254       3.3065
    3255       3.5039
    3256       3.4538
    3257       3.5942
    3258       3.5000
    3259       3.2976
    3260       3.5657
    3261       3.6804
    3262       3.6269
    3263       3.7747
    3264       3.6513
    3265       4.0343
    3266       3.7171
    3267       3.7546
    3268       3.7317
    3269       3.7420
    3270       3.5012
    3271       3.5561
    3272       3.5557
    3273       3.4746
    3274       3.4544
    3275       3.4018
    3276       3.6571
    3277       3.4209
    3278       3.3902
    3279       3.3105
    3280       3.3842
    3281       3.5341
    3282       3.2944
    3283       3.4679
    3284       3.6617
    3285       3.4662
    3286       3.3413
    3287       3.3999
    3288       3.6431
    3289       3.5921
    3290       3.5692
    3291       3.6055
    3292       3.5358
    3293       3.5207
    3294       3.2938
    3295       3.1875
    3296       3.3726
    3297       3.4667
    3298       3.7205
    3299       3.5780
    3300       3.4737
    3301       3.5893
    3302       3.4517
    3303       3.3139
    3304       3.2182
    3305       3.3744
    3306       3.3693
    3307       3.3428
    3308       3.5751
    3309       3.4998
    3310       3.6407
    3311       3.5795
    3312       3.4274
    3313       3.6096
    3314       3.6846
    3315       3.4796
    3316       3.2497
    3317       3.5099
    3318       3.7469
    3319       3.5628
    3320       3.5797
    3321       3.2677
    3322       3.3297
    3323       3.4766
    3324       3.5883
    3325       3.4001
    3326       3.4552
    3327       3.6083
    3328       3.2906
    3329       3.2600
    3330       3.2287
    3331       3.4660
    3332       3.3352
    3333       3.5647
    3334       3.5188
    3335       3.5218
    3336       3.4602
    3337       3.3424
    3338       3.5384
    3339       3.4744
    3340       3.5656
    3341       3.5417
    3342       3.7397
    3343       3.5779
    3344       3.6589
    3345       3.4265
    3346       3.5228
    3347       3.9324
    3348       3.7740
    3349       3.6842
    3350       3.8985
    3351       3.9928
    3352       4.0196
    3353       3.5816
    3354       3.6272
    3355       3.4762
    3356       3.7606
    3357       4.0887
    3358       3.8441
    3359       3.5226
    3360       3.5696
    3361       3.4679
    3362       3.3334
    3363       3.5745
    3364       3.6922
    3365       3.6686
    3366       3.3502
    3367       3.2225
    3368       3.5512
    3369       3.4431
    3370       3.4106
    3371       3.6017
    3372       3.4718
    3373       3.4731
    3374       3.4121
    3375       3.6594
    3376       3.5611
    3377       3.3421
    3378       3.4879
    3379       3.4917
    3380       3.4908
    3381       3.3315
    3382       3.3406
    3383       3.6010
    3384       3.4388
    3385       3.3431
    3386       3.4898
    3387       3.5804
    3388       3.4933
    3389       3.6759
    3390       3.6156
    3391       3.3604
    3392       3.8248
    3393       3.6587
    3394       3.5087
    3395       3.4467
    3396       3.4524
    3397       3.6124
    3398       3.5312
    3399       3.2969
    3400       3.4671
    3401       3.7327
    3402       3.4861
    3403       3.4933
    3404       3.5925
    3405       3.4877
    3406       3.6302
    3407       3.6306
    3408       3.6395
    3409       3.6544
    3410       3.8443
    3411       3.7220
    3412       3.6053
    3413       3.5788
    3414       3.6274
    3415       3.4867
    3416       3.5886
    3417       3.3686
    3418       3.4361
    3419       3.4767
    3420       3.3314
    3421       3.5778
    3422       3.4166
    3423       3.3375
    3424       3.4815
    3425       3.4829
    3426       3.3306
    3427       3.2765
    3428       3.3957
    3429       3.3996
    3430       3.5055
    3431       3.5774
    3432       3.7090
    3433       3.4142
    3434       3.4351
    3435       3.3311
    3436       3.3161
    3437       3.4617
    3438       3.2841
    3439       3.4018
    3440       3.5487
    3441       3.4828
    3442       3.3137
    3443       3.3482
    3444       3.4868
    3445       3.7335
    3446       3.3721
    3447       3.5104
    3448       3.5557
    3449       3.5395
    3450       3.6556
    3451       3.3773
    3452       3.4147
    3453       3.1699
    3454       3.4834
    3455       3.7527
    3456       3.6324
    3457       3.4534
    3458       3.6515
    3459       3.5381
    3460       3.5504
    3461       3.7059
    3462       3.9308
    3463       3.8579
    3464       3.4134
    3465       3.7491
    3466       3.5414
    3467       3.6527
    3468       3.3959
    3469       3.4684
    3470       3.4105
    3471       3.5105
    3472       3.5225
    3473       3.6549
    3474       3.5482
    3475       3.4768
    3476       3.4154
    3477       3.5068
    3478       3.4913
    3479       3.7080
    3480       3.6678
    3481       3.5019
    3482       3.7414
    3483       3.5212
    3484       3.4218
    3485       3.2045
    3486       3.2662
    3487       3.5932
    3488       3.4913
    3489       3.6918
    3490       3.3890
    3491       3.4854
    3492       3.2002
    3493       3.7385
    3494       3.6168
    3495       3.5150
    3496       3.3271
    3497       3.5452
    3498       3.3883
    3499       3.5837
    3500       3.5793
    3501       3.8611
    3502       3.7287
    3503       3.2724
    3504       3.6311
    3505       3.7280
    3506       4.0735
    3507       3.7902
    3508       3.8716
    3509       4.0318
    3510       3.9426
    3511       3.7176
    3512       3.7958
    3513       3.7876
    3514       3.9714
    3515       3.9746
    3516       4.1576
    3517       3.9874
    3518       4.1894
    3519       4.2467
    3520       4.3613
    3521       4.1575
    3522       4.0734
    3523       3.9588
    3524       4.2517
    3525       4.1145
    3526       4.3344
    3527       4.1372
    3528       4.1820
    3529       4.4799
    3530       4.2111
    3531       4.0301
    3532       3.9507
    3533       4.0603
    3534       3.9530
    3535       3.7092
    3536       4.1581
    3537       4.2039
    3538       4.1828
    3539       4.3703
    3540       3.8865
    3541       3.9827
    3542       3.9021
    3543       4.0933
    3544       4.0869
    3545       3.8329
    3546       4.1853
    3547       4.2334
    3548       4.0105
    3549       4.0359
    3550       4.1102
    3551       4.1474
    3552       4.0930
    3553       4.0327
    3554       3.7188
    3555       3.9369
    3556       3.8482
    3557       4.0660
    3558       3.9213
    3559       4.0410
    3560       4.0108
    3561       3.9707
    3562       4.2142
    3563       4.1426
    3564       4.2536
    3565       4.1931
    3566       4.3496
    3567       4.4025
    3568       4.1225
    3569       3.8229
    3570       4.0924
    3571       4.0223
    3572       4.0945
    3573       4.0974
    3574       4.0393
    3575       4.2803
    3576       3.9680
    3577       3.9829
    3578       4.2454
    3579       4.0588
    3580       4.5863
    3581       4.3613
    3582       4.1279
    3583       3.9479
    3584       4.0382
    3585       4.3294
    3586       4.3226
    3587       3.9917
    3588       3.8148
    3589       4.1611
    3590       4.0124
    3591       4.1227
    3592       4.3613
    3593       4.1977
    3594       4.3994
    3595       4.5068
    3596       4.3240
    3597       4.2199
    3598       4.4182
    3599       4.6680
    3600       4.2603
    3601       4.3948
    3602       4.0261
    3603       4.2075
    3604       4.0792
    3605       4.3201
    3606       4.1794
    3607       4.2360
    3608       4.1511
    3609       3.9879
    3610       3.8119
    3611       3.6770
    3612       4.0049
    3613       3.9564
    3614       3.8962
    3615       3.9594
    3616       4.1677
    3617       4.1812
    3618       4.1107
    3619       4.3120
    3620       4.2699
    3621       4.2837
    3622       4.3498
    3623       4.4034
    3624       4.1702
    3625       4.2076
    3626       4.3377
    3627       4.2644
    3628       4.0280
    3629       4.5627
    3630       4.3820
    3631       4.1393
    3632       3.8896
    3633       4.1299
    3634       4.0273
    3635       4.1616
    3636       3.9092
    3637       4.0192
    3638       4.1266
    3639       4.0349
    3640       3.7932
    3641       3.8379
    3642       3.8356
    3643       4.1811
    3644       3.9424
    3645       3.8660
    3646       3.7216
    3647       3.9972
    3648       4.3331
    3649       4.3609
    3650       4.4279
    3651       4.1544
    3652       4.3004
    3653       4.4500
    3654       4.4255
    3655       4.1522
    3656       4.0270
    3657       4.3398
    3658       4.2119
    3659       4.4949
    3660       4.5183
    3661       4.1490
    3662       4.3726
    3663       4.2912
    3664       4.1025
    3665       4.1382
    3666       4.1913
    3667       4.3742
    3668       4.3782
    3669       4.0827
    3670       4.1010
    3671       4.2904
    3672       4.1292
    3673       3.7800
    3674       4.1251
    3675       3.9762
    3676       3.8795
    3677       3.8412
    3678       3.7936
    3679       4.0617
    3680       4.3148
    3681       3.8621
    3682       4.0023
    3683       4.0261
    3684       3.7188
    3685       3.8360
    3686       4.1116
    3687       3.9206
    3688       3.9509
    3689       3.8731
    3690       3.9219
    3691       3.9773
    3692       3.8843
    3693       4.0980
    3694       4.0179
    3695       3.9065
    3696       4.1775
    3697       4.2400
    3698       4.1868
    3699       4.2506
    3700       4.1736
    3701       4.3729
    3702       4.1661
    3703       4.1754
    3704       4.3146
    3705       4.1874
    3706       4.0588
    3707       3.8609
    3708       3.9497
    3709       4.0129
    3710       4.0067
    3711       3.9931
    3712       4.2230
    3713       3.9691
    3714       3.9638
    3715       4.1522
    3716       3.8225
    3717       3.8290
    3718       4.1609
    3719       4.0302
    3720       4.0555
    3721       4.0073
    3722       4.0664
    3723       3.8871
    3724       3.7446
    3725       3.7441
    3726       4.0303
    3727       3.8416
    3728       3.6979
    3729       3.8529
    3730       3.8977
    3731       3.8762
    3732       3.9180
    3733       4.0326
    3734       3.9602
    3735       3.8855
    3736       3.8187
    3737       3.7473
    3738       3.9011
    3739       4.1293
    3740       3.6478
    3741       4.1018
    3742       3.7250
    3743       4.1261
    3744       3.8787
    3745       3.6555
    3746       3.7796
    3747       3.8520
    3748       3.5726
    3749       3.8070
    3750       3.8569
    3751       3.7935
    3752       3.7242
    3753       3.8386
    3754       3.8308
    3755       3.8905
    3756       3.9137
    3757       3.9667
    3758       3.7929
    3759       3.7322
    3760       4.0439
    3761       3.9239
    3762       3.7889
    3763       3.8876
    3764       4.0512
    3765       3.6249
    3766       3.6173
    3767       3.7598
    3768       3.4964
    3769       3.9046
    3770       3.9688
    3771       4.2118
    3772       3.8535
    3773       3.4234
    3774       3.7346
    3775       4.0404
    3776       4.0016
    3777       4.1936
    3778       4.0152
    3779       3.8798
    3780       3.8813
    3781       4.0513
    3782       3.6787
    3783       3.8700
    3784       3.6703
    3785       3.6328
    3786       3.4977
    3787       3.7783
    3788       3.7118
    3789       3.7590
    3790       3.5323
    3791       3.6311
    3792       3.6328
    3793       3.6643
    3794       3.4311
    3795       3.5819
    3796       3.7421
    3797       3.6510
    3798       3.6334
    3799       3.4732
    3800       3.7215
    3801       3.6579
    3802       3.5277
    3803       3.6062
    3804       3.8777
    3805       3.6983
    3806       3.5134
    3807       3.3995
    3808       3.7542
    3809       3.7020
    3810       3.7147
    3811       3.5694
    3812       3.8511
    3813       3.5474
    3814       3.8029
    3815       3.6208
    3816       3.7438
    3817       3.6791
    3818       4.0587
    3819       4.4410
    3820       4.3665
    3821       4.2803
    3822       4.0795
    3823       4.3177
    3824       4.3234
    3825       3.7249
    3826       4.2578
    3827       3.7646
    3828       3.9058
    3829       4.1140
    3830       4.2269
    3831       3.8384
    3832       4.0239
    3833       3.9831
    3834       3.9715
    3835       4.2179
    3836       4.2413
    3837       3.6704
    3838       3.8872
    3839       3.9471
    3840       4.2076
    3841       3.7758
    3842       3.6547
    3843       3.8141
    3844       3.8705
    3845       3.7028
    3846       4.1173
    3847       3.7569
    3848       3.5988
    3849       3.6872
    3850       3.6101
    3851       3.6496
    3852       3.7760
    3853       3.8316
    3854       3.5342
    3855       3.6541
    3856       3.3314
    3857       3.3504
    3858       3.6003
    3859       3.5121
    3860       3.5585
    3861       3.5823
    3862       3.6640
    3863       3.6019
    3864       3.3516
    3865       3.4296
    3866       3.5614
    3867       3.8965
    3868       4.0669
    3869       4.0901
    3870       4.0748
    3871       3.9398
    3872       3.8468
    3873       4.0837
    3874       4.0314
    3875       4.0794
    3876       3.7338
    3877       3.9320
    3878       3.9060
    3879       3.7683
    3880       3.9398
    3881       3.8032
    3882       3.8118
    3883       3.8568
    3884       3.7328
    3885       3.8945
    3886       4.1495
    3887       4.0680
    3888       4.0795
    3889       3.9692
    3890       4.0674
    3891       3.9018
    3892       3.4410
    3893       3.6262
    3894       3.8765
    3895       4.0434
    3896       3.8806
    3897       3.7110
    3898       3.3888
    3899       3.5605
    3900       4.0182
    3901       3.8665
    3902       3.8663
    3903       3.9934
    3904       3.8956
    3905       3.8941
    3906       4.0157
    3907       3.9859
    3908       4.2202
    3909       4.0011
    3910       4.0978
    3911       3.6922
    3912       3.7442
    3913       3.9560
    3914       3.7724
    3915       3.7036
    3916       3.8058
    3917       3.7618
    3918       3.8517
    3919       3.8543
    3920       3.9525
    3921       3.6548
    3922       3.8021
    3923       4.0841
    3924       3.6887
    3925       4.0054
    3926       4.0384
    3927       4.2307
    3928       4.3379
    3929       4.1689
    3930       4.5040
    3931       4.1815
    3932       4.0975
    3933       3.9918
    3934       3.7216
    3935       4.0953
    3936       3.9773
    3937       4.2250
    3938       4.1651
    3939       4.1742
    3940       3.8722
    3941       4.0206
    3942       4.0504
    3943       4.0294
    3944       4.3046
    3945       4.3176
    3946       4.0745
    3947       3.7537
    3948       3.7118
    3949       3.9339
    3950       3.8377
    3951       3.6811
    3952       3.7790
    3953       3.6032
    3954       3.8713
    3955       3.8948
    3956       3.5658
    3957       3.7773
    3958       3.7086
    3959       3.7643
    3960       4.2285
    3961       4.0654
    3962       3.8318
    3963       4.0003
    3964       3.8011
    3965       3.8360
    3966       3.9013
    3967       4.0801
    3968       3.9923
    3969       4.0483
    3970       3.8170
    3971       4.0184
    3972       4.0122
    3973       3.9241
    3974       3.5572
    3975       3.9409
    3976       4.0480
    3977       4.3148
    3978       4.1523
    3979       3.9269
    3980       4.2429
    3981       4.3691
    3982       4.2371
    3983       4.5767
    3984       4.1290
    3985       4.2145
    3986       3.9709
    3987       3.9652
    3988       3.9071
    3989       4.0336
    3990       4.3451
    3991       4.3250
    3992       3.9697
    3993       4.5884
    3994       4.2608
    3995       4.0245
    3996       4.0365
    3997       4.1448
    3998       4.1094
    3999       3.8047
    4000       3.6827
