#Res        AtomicFlx
   1.000       2.8857
   2.000       3.3583
   3.000       2.8420
   4.000       3.2053
   5.000       2.8549
   6.000       3.1751
   7.000       3.6928
   8.000       3.7104
   9.000       2.8147
  10.000       2.2905
  11.000       2.6419
  12.000       2.2741
  13.000       1.8755
  14.000       1.7584
  15.000       2.0055
  16.000       1.4688
  17.000       1.8359
  18.000       1.1164
  19.000       0.9821
  20.000       0.9269
  21.000       0.7814
  22.000       1.0698
  23.000       2.0532
  24.000       0.8454
  25.000       0.7629
  26.000       1.1256
  27.000       1.6001
  28.000       1.0333
  29.000       1.4692
  30.000       1.6408
  31.000       1.4894
  32.000       1.0349
  33.000       1.5568
  34.000       1.4533
  35.000       1.1279
  36.000       0.9320
  37.000       0.6927
  38.000       0.7568
  39.000       0.8864
  40.000       1.0464
  41.000       1.1866
  42.000       2.1200
  43.000       1.9624
  44.000       2.1465
  45.000       1.6446
  46.000       1.3527
  47.000       0.9051
  48.000       0.9605
  49.000       1.7672
  50.000       1.0072
  51.000       0.7831
  52.000       0.9701
  53.000       1.4350
  54.000       0.9970
  55.000       1.0556
  56.000       0.9461
  57.000       1.9307
  58.000       1.3239
  59.000       0.8789
  60.000       0.9634
  61.000       0.9745
  62.000       1.2428
  63.000       1.7849
  64.000       1.9116
  65.000       2.4535
  66.000       2.8594
  67.000       2.6329
  68.000       1.7631
  69.000       2.6977
  70.000       2.7114
  71.000       1.6636
  72.000       1.8414
  73.000       2.0133
  74.000       2.0693
  75.000       1.4655
  76.000       2.0912
  77.000       2.0939
  78.000       1.9731
  79.000       2.1477
  80.000       1.4484
  81.000       1.6026
  82.000       1.8827
  83.000       1.7351
  84.000       1.0669
  85.000       1.1402
  86.000       1.2306
  87.000       1.3648
  88.000       1.7899
  89.000       1.8508
  90.000       2.4771
  91.000       2.2796
  92.000       2.8695
  93.000       2.9169
  94.000       2.1992
  95.000       2.0297
  96.000       1.4473
  97.000       1.7081
  98.000       1.8735
  99.000       1.5281
 100.000       0.9677
 101.000       0.9713
 102.000       0.9083
 103.000       0.7303
 104.000       0.7417
 105.000       0.8109
 106.000       1.2147
 107.000       0.8659
 108.000       1.2720
 109.000       0.9173
 110.000       1.4419
 111.000       2.3716
 112.000       1.8431
 113.000       2.4473
 114.000       1.4009
 115.000       1.5846
 116.000       1.8232
 117.000       1.6040
 118.000       1.0769
 119.000       1.4822
 120.000       1.0824
 121.000       0.7578
 122.000       1.0681
 123.000       1.6364
 124.000       0.8691
 125.000       1.0668
 126.000       1.5891
 127.000       1.1896
 128.000       0.8949
 129.000       1.2379
 130.000       1.3516
 131.000       1.4514
 132.000       0.9432
 133.000       0.8199
 134.000       0.7486
 135.000       0.6008
 136.000       0.6073
 137.000       0.6571
 138.000       1.0334
 139.000       0.9213
 140.000       1.0115
 141.000       0.8916
 142.000       0.9807
 143.000       0.9558
 144.000       0.6296
 145.000       0.6881
 146.000       0.7436
 147.000       0.9157
 148.000       1.0969
 149.000       1.3747
 150.000       1.5734
 151.000       1.0416
 152.000       1.1040
 153.000       1.6070
 154.000       1.5803
 155.000       1.2034
 156.000       1.5241
 157.000       1.5390
 158.000       1.6351
 159.000       1.5685
 160.000       2.2709
 161.000       3.3029
 162.000       2.8621
 163.000       3.0087
 164.000       3.6275
 165.000       3.7427
 166.000       4.7803
 167.000       6.0099
 168.000       7.1611
 169.000       6.6315
 170.000       5.2896
 171.000       4.9262
 172.000       3.8028
 173.000       4.0724
 174.000       3.2987
 175.000       2.5522
 176.000       3.4475
 177.000       2.5133
 178.000       2.2061
 179.000       1.6482
 180.000       2.0114
 181.000       2.3438
 182.000       2.5022
 183.000       1.5234
 184.000       1.3074
 185.000       2.1551
 186.000       1.5745
 187.000       1.0284
 188.000       0.8702
 189.000       0.9620
 190.000       1.0379
 191.000       1.2781
 192.000       0.9540
 193.000       1.5405
 194.000       1.7115
 195.000       2.0307
 196.000       2.1225
 197.000       1.5921
 198.000       1.2778
 199.000       0.9508
 200.000       1.6079
 201.000       0.9072
 202.000       0.9171
 203.000       1.1911
 204.000       1.2835
 205.000       0.9107
 206.000       1.0800
 207.000       0.9046
 208.000       0.8587
 209.000       1.1053
 210.000       1.4677
 211.000       0.9642
 212.000       1.6750
 213.000       1.9847
 214.000       1.1289
 215.000       1.2484
 216.000       0.9124
 217.000       1.4427
 218.000       1.2653
 219.000       0.9597
 220.000       1.1811
 221.000       0.9078
 222.000       0.8959
 223.000       0.8046
 224.000       1.5145
 225.000       0.8069
 226.000       1.6970
 227.000       1.1309
 228.000       1.2758
 229.000       1.6500
 230.000       1.1025
 231.000       0.9035
 232.000       1.0546
 233.000       0.7622
 234.000       0.7780
 235.000       0.6535
 236.000       0.7644
 237.000       0.6457
 238.000       1.3845
 239.000       0.8057
 240.000       1.4878
 241.000       0.9024
 242.000       0.8668
 243.000       0.6085
 244.000       0.7013
 245.000       0.9090
 246.000       1.1613
 247.000       1.5247
 248.000       2.0231
 249.000       1.8022
 250.000       1.1327
 251.000       0.9661
 252.000       1.1078
 253.000       0.7367
 254.000       0.9903
 255.000       1.1705
 256.000       1.4234
 257.000       1.8875
 258.000       2.3958
 259.000       2.1470
 260.000       2.1438
 261.000       1.8274
 262.000       1.2862
 263.000       1.0213
 264.000       0.9914
 265.000       0.8872
 266.000       0.9052
 267.000       0.9520
 268.000       0.8104
 269.000       0.7461
 270.000       0.8627
 271.000       0.9280
 272.000       1.4694
 273.000       1.1035
 274.000       0.9412
 275.000       1.0771
 276.000       1.2812
 277.000       0.9440
 278.000       1.4362
 279.000       1.1766
 280.000       1.1891
 281.000       1.2049
 282.000       1.1282
 283.000       0.9440
 284.000       0.9982
 285.000       0.7881
 286.000       0.8978
 287.000       0.9148
 288.000       0.9616
 289.000       0.9309
 290.000       1.1068
 291.000       0.9476
 292.000       1.4082
 293.000       2.0789
 294.000       1.9084
 295.000       1.7655
 296.000       1.0894
 297.000       0.8678
 298.000       1.0779
 299.000       1.1331
 300.000       0.9245
 301.000       1.0217
 302.000       1.0284
 303.000       0.8415
 304.000       1.3557
 305.000       1.0905
 306.000       1.8842
 307.000       2.0799
 308.000       1.5213
 309.000       1.3292
 310.000       1.2243
 311.000       1.5465
 312.000       0.9526
 313.000       1.0216
 314.000       0.8910
 315.000       1.1230
 316.000       0.8967
 317.000       1.3612
 318.000       1.2750
 319.000       1.5803
 320.000       1.9457
 321.000       1.4607
 322.000       1.9954
 323.000       1.5761
 324.000       1.1684
 325.000       3.4526
 326.000       4.7559
