#Frame            pro
       1       0.0000
       2       1.0888
       3       0.9714
       4       1.1190
       5       1.0982
       6       1.5462
       7       1.3252
       8       1.3500
       9       1.1991
      10       1.0179
      11       1.2731
      12       1.0895
      13       1.1445
      14       1.2797
      15       1.6099
      16       1.1107
      17       1.3294
      18       1.3061
      19       1.2085
      20       1.3506
      21       1.1512
      22       1.0262
      23       1.1253
      24       1.4851
      25       1.3834
      26       1.4332
      27       1.1064
      28       1.2101
      29       1.6188
      30       1.1857
      31       1.0533
      32       1.0525
      33       1.0187
      34       1.2147
      35       1.1608
      36       1.0754
      37       1.1832
      38       1.0700
      39       1.0780
      40       1.1657
      41       1.0911
      42       1.4926
      43       1.4699
      44       1.2788
      45       0.9973
      46       1.6773
      47       1.5488
      48       1.5137
      49       1.5668
      50       1.6080
      51       1.4446
      52       1.5166
      53       1.4118
      54       1.1503
      55       1.3265
      56       1.1813
      57       0.9843
      58       1.0702
      59       1.1844
      60       1.0801
      61       1.0642
      62       1.2103
      63       1.1728
      64       1.1572
      65       1.0807
      66       1.1881
      67       1.3490
      68       1.6176
      69       1.3837
      70       1.4701
      71       1.2896
      72       1.1195
      73       1.1805
      74       1.3924
      75       1.0955
      76       1.2028
      77       1.3729
      78       1.5835
      79       1.3536
      80       1.3046
      81       1.2902
      82       1.2920
      83       1.3521
      84       1.2807
      85       1.2628
      86       1.3669
      87       1.3408
      88       1.4738
      89       1.2781
      90       1.5982
      91       1.6211
      92       1.2688
      93       1.2843
      94       1.2551
      95       1.3860
      96       1.2073
      97       1.3327
      98       1.2651
      99       1.3505
     100       1.4164
     101       1.1775
     102       1.2337
     103       1.5488
     104       1.3538
     105       1.4369
     106       1.4561
     107       1.2732
     108       1.2195
     109       1.3532
     110       1.2561
     111       1.2992
     112       1.3504
     113       1.3004
     114       1.1929
     115       1.2562
     116       1.3489
     117       1.4085
     118       1.3226
     119       1.3069
     120       1.2668
     121       1.3851
     122       1.4214
     123       1.2659
     124       1.4989
     125       1.3981
     126       1.5715
     127       1.6697
     128       1.4754
     129       1.3496
     130       1.2092
     131       1.2388
     132       1.5717
     133       1.4994
     134       1.7386
     135       1.5069
     136       1.5521
     137       1.3693
     138       1.3708
     139       1.3744
     140       1.2298
     141       1.3062
     142       1.2634
     143       1.3379
     144       1.5338
     145       1.2234
     146       1.5468
     147       1.4113
     148       1.2925
     149       1.4493
     150       1.6648
     151       1.5859
     152       1.7698
     153       1.9537
     154       1.7244
     155       1.7685
     156       1.9570
     157       2.0156
     158       1.8565
     159       1.5991
     160       1.5468
     161       1.4008
     162       1.6500
     163       1.4786
     164       1.4529
     165       1.5238
     166       1.6752
     167       1.5221
     168       1.2904
     169       1.6591
     170       1.8826
     171       1.9547
     172       1.8987
     173       1.5521
     174       1.2464
     175       1.4189
     176       1.6892
     177       1.6273
     178       1.6387
     179       1.5184
     180       1.3946
     181       1.4527
     182       1.5961
     183       1.5756
     184       1.6113
     185       1.5740
     186       1.7193
     187       1.8719
     188       1.6707
     189       1.3313
     190       1.4341
     191       1.5792
     192       1.7099
     193       1.5844
     194       1.7462
     195       1.5828
     196       1.6746
     197       1.6731
     198       1.8792
     199       1.7178
     200       1.8685
     201       1.6506
     202       1.5765
     203       1.7661
     204       1.8519
     205       1.5821
     206       1.2501
     207       1.1336
     208       1.2725
     209       1.3442
     210       1.3316
     211       1.2509
     212       1.2422
     213       1.3250
     214       1.3871
     215       1.3407
     216       1.4060
     217       1.4730
     218       1.6050
     219       1.3738
     220       1.4594
     221       1.3468
     222       1.1956
     223       1.2751
     224       1.1644
     225       1.3639
     226       1.3595
     227       1.4686
     228       1.1493
     229       1.2737
     230       1.3644
     231       1.0606
     232       1.1000
     233       1.2307
     234       1.3098
     235       1.1657
     236       1.2868
     237       1.2384
     238       1.2279
     239       1.2774
     240       1.2842
     241       1.1509
     242       1.1679
     243       1.1380
     244       1.1272
     245       1.2246
     246       1.1069
     247       1.1743
     248       1.2354
     249       1.3499
     250       1.5045
     251       1.3862
     252       1.2978
     253       1.2723
     254       1.6008
     255       1.4453
     256       1.2072
     257       1.2106
     258       1.1127
     259       1.1730
     260       1.5548
     261       1.3336
     262       1.4157
     263       1.1921
     264       1.2841
     265       1.4336
     266       1.1653
     267       1.0977
     268       1.1167
     269       1.3401
     270       1.1437
     271       1.2566
     272       1.2356
     273       1.1744
     274       1.2865
     275       1.4316
     276       1.3766
     277       1.3849
     278       1.5967
     279       1.3956
     280       1.3133
     281       1.4031
     282       1.7715
     283       1.7663
     284       1.5235
     285       1.4277
     286       1.2596
     287       1.2190
     288       1.2724
     289       1.4754
     290       1.2791
     291       1.1571
     292       1.2587
     293       1.2117
     294       1.2720
     295       1.3868
     296       1.3533
     297       1.5270
     298       1.6534
     299       1.3571
     300       1.4021
     301       1.2638
     302       1.4135
     303       1.1812
     304       1.2864
     305       1.2702
     306       1.3286
     307       1.4357
     308       1.3054
     309       1.1609
     310       1.2292
     311       1.3964
     312       1.3768
     313       1.5335
     314       1.6541
     315       1.8521
     316       1.3133
     317       1.5154
     318       1.3889
     319       1.4132
     320       1.6054
     321       1.3914
     322       1.5235
     323       1.4008
     324       1.5702
     325       1.5043
     326       1.2855
     327       1.5307
     328       1.4497
     329       1.5219
     330       1.5100
     331       1.2516
     332       1.4120
     333       1.3709
     334       1.4879
     335       1.3045
     336       1.3346
     337       1.4742
     338       1.4365
     339       1.3519
     340       1.5667
     341       1.3822
     342       1.3821
     343       1.3386
     344       1.3043
     345       1.4308
     346       1.3796
     347       1.5005
     348       1.5983
     349       1.4770
     350       1.4988
     351       1.3625
     352       1.4531
     353       1.4980
     354       1.7095
     355       1.9042
     356       1.5882
     357       1.8400
     358       1.8418
     359       1.9186
     360       1.6493
     361       1.3711
     362       1.2789
     363       1.3531
     364       1.2865
     365       1.2736
     366       1.2794
     367       1.4492
     368       1.3344
     369       1.6639
     370       1.6720
     371       1.3153
     372       1.2660
     373       1.4893
     374       1.3233
     375       1.3786
     376       1.3720
     377       1.5229
     378       1.3379
     379       1.5846
     380       1.5849
     381       1.7410
     382       1.6146
     383       1.6303
     384       1.6524
     385       1.5514
     386       1.6184
     387       1.6182
     388       1.3640
     389       1.5737
     390       1.5392
     391       1.4573
     392       1.5669
     393       1.3825
     394       1.5122
     395       1.4483
     396       1.4675
     397       1.3780
     398       1.5219
     399       1.5551
     400       1.4470
     401       1.2916
     402       1.3337
     403       1.4956
     404       1.4653
     405       1.5180
     406       1.3436
     407       1.3459
     408       1.5799
     409       1.5765
     410       1.6268
     411       1.4208
     412       1.3717
     413       1.3997
     414       1.2837
     415       1.2875
     416       1.3103
     417       1.3914
     418       1.6399
     419       1.4144
     420       1.2427
     421       1.5688
     422       1.4682
     423       1.7243
     424       1.5354
     425       1.5687
     426       1.3322
     427       1.6127
     428       1.7132
     429       1.4485
     430       1.7733
     431       1.5626
     432       1.4549
     433       1.5012
     434       1.7453
     435       1.7124
     436       1.7447
     437       1.8129
     438       1.5540
     439       1.4603
     440       1.4886
     441       1.4170
     442       1.3539
     443       1.2348
     444       1.4716
     445       1.4253
     446       1.3730
     447       1.5023
     448       1.2614
     449       1.3738
     450       1.4007
     451       1.6971
     452       1.5892
     453       1.5070
     454       1.5048
     455       1.6297
     456       1.4642
     457       1.5919
     458       1.5803
     459       1.5046
     460       2.1364
     461       1.6633
     462       1.4949
     463       1.6886
     464       1.9641
     465       1.6650
     466       2.0539
     467       1.7213
     468       1.5310
     469       1.7729
     470       1.6750
     471       1.8311
     472       1.6652
     473       1.8812
     474       1.9369
     475       1.5527
     476       1.6356
     477       1.5182
     478       1.4150
     479       1.4305
     480       1.5118
     481       1.6321
     482       1.6113
     483       1.3607
     484       1.4163
     485       1.5581
     486       1.3184
     487       1.6772
     488       1.8877
     489       2.0638
     490       1.8479
     491       1.9593
     492       1.7886
     493       1.5917
     494       1.6458
     495       1.5364
     496       1.5707
     497       1.4283
     498       1.5015
     499       1.5610
     500       1.5537
     501       1.5996
     502       1.3760
     503       1.6106
     504       1.6572
     505       1.5986
     506       1.6300
     507       1.6229
     508       1.8163
     509       1.8235
     510       1.5621
     511       1.7993
     512       1.7834
     513       1.5579
     514       1.4669
     515       1.5445
     516       1.5664
     517       1.3591
     518       1.3699
     519       1.3194
     520       1.3268
     521       1.3059
     522       1.3150
     523       1.4548
     524       1.5791
     525       1.4697
     526       1.3148
     527       1.4050
     528       1.4290
     529       1.5114
     530       1.4911
     531       1.5681
     532       1.5110
     533       1.6335
     534       1.5411
     535       1.4362
     536       1.3987
     537       1.6327
     538       1.6132
     539       1.3391
     540       1.4149
     541       1.3378
     542       1.3879
     543       1.5331
     544       1.5663
     545       1.5046
     546       1.4901
     547       1.5859
     548       1.4307
     549       1.4562
     550       1.5977
     551       1.7407
     552       1.4819
     553       1.4961
     554       1.4379
     555       1.5543
     556       1.5409
     557       1.7833
     558       1.8501
     559       1.5384
     560       1.6090
     561       1.4940
     562       1.4933
     563       1.6963
     564       1.4387
     565       1.5397
     566       1.5118
     567       1.2316
     568       1.5426
     569       1.2673
     570       1.2529
     571       1.4294
     572       1.2649
     573       1.3432
     574       1.4996
     575       1.4650
     576       1.3784
     577       1.3012
     578       1.4118
     579       1.3395
     580       1.3780
     581       1.3991
     582       1.4601
     583       1.4813
     584       1.3589
     585       1.4653
     586       1.2784
     587       1.3524
     588       1.3404
     589       1.6069
     590       1.4116
     591       1.6087
     592       1.6985
     593       1.4813
     594       1.5628
     595       1.2523
     596       1.3857
     597       1.3967
     598       1.4401
     599       1.3496
     600       1.4481
     601       1.4917
     602       1.6052
     603       1.4589
     604       1.4548
     605       1.6020
     606       1.6435
     607       1.5744
     608       1.3438
     609       1.5197
     610       1.4170
     611       1.5707
     612       1.6317
     613       1.6371
     614       1.6234
     615       1.7478
     616       1.4842
     617       1.5779
     618       1.3491
     619       1.8163
     620       1.6249
     621       1.8007
     622       1.6905
     623       1.5892
     624       1.6241
     625       1.4758
     626       1.4660
     627       1.5056
     628       1.5194
     629       1.5104
     630       1.4347
     631       1.6479
     632       1.6863
     633       1.6426
     634       1.4959
     635       1.4916
     636       1.5449
     637       1.5192
     638       1.5797
     639       1.6045
     640       1.4209
     641       1.6297
     642       1.7950
     643       1.8940
     644       1.6081
     645       1.5396
     646       1.8298
     647       1.6501
     648       1.4814
     649       1.5247
     650       1.4437
     651       1.8145
     652       1.5754
     653       1.7821
     654       1.7206
     655       1.5728
     656       1.5708
     657       1.4595
     658       1.4251
     659       1.4458
     660       1.6947
     661       1.3367
     662       1.4794
     663       1.4256
     664       1.7475
     665       1.6571
     666       1.7032
     667       1.6415
     668       1.4860
     669       1.7087
     670       1.6004
     671       1.5234
     672       1.5389
     673       1.6977
     674       1.6704
     675       1.5477
     676       1.6493
     677       1.5903
     678       1.6853
     679       1.6613
     680       1.5262
     681       1.4247
     682       1.5180
     683       1.5256
     684       1.2156
     685       1.4158
     686       1.4178
     687       1.3839
     688       1.6321
     689       1.4865
     690       1.5942
     691       1.4449
     692       1.6211
     693       1.5606
     694       1.7202
     695       1.5966
     696       1.6351
     697       1.5906
     698       1.7327
     699       1.5645
     700       1.4353
     701       1.3301
     702       1.3901
     703       1.3782
     704       1.4599
     705       1.5624
     706       1.2711
     707       1.4076
     708       1.4359
     709       1.3935
     710       1.4368
     711       1.3527
     712       1.3447
     713       1.4003
     714       1.3482
     715       1.2374
     716       1.4502
     717       1.5186
     718       1.4072
     719       1.4006
     720       1.4872
     721       1.4130
     722       1.2845
     723       1.3771
     724       1.3075
     725       1.3276
     726       1.4538
     727       1.4896
     728       1.4578
     729       1.3097
     730       1.4959
     731       1.4385
     732       1.5444
     733       1.6418
     734       1.5440
     735       1.3232
     736       1.3873
     737       1.3024
     738       1.8057
     739       1.5000
     740       1.8782
     741       2.0955
     742       1.8290
     743       1.7720
     744       1.6105
     745       1.2943
     746       1.3842
     747       1.5238
     748       1.4167
     749       1.4291
     750       1.4930
     751       1.4810
     752       1.5590
     753       1.4229
     754       1.6742
     755       1.5384
     756       1.5647
     757       1.3955
     758       1.5939
     759       1.4876
     760       1.6760
     761       1.6327
     762       1.7000
     763       1.6607
     764       1.8373
     765       1.5166
     766       1.5481
     767       1.6548
     768       1.3878
     769       1.4108
     770       1.6437
     771       1.6832
     772       1.8361
     773       1.6245
     774       1.4686
     775       1.4770
     776       1.4773
     777       1.2917
     778       1.3683
     779       1.3245
     780       1.2926
     781       1.3965
     782       1.5593
     783       1.4605
     784       1.3144
     785       1.4636
     786       1.4822
     787       1.6425
     788       1.5139
     789       1.5152
     790       1.4612
     791       1.4349
     792       1.4203
     793       1.4381
     794       1.4573
     795       1.5921
     796       1.7043
     797       1.8659
     798       1.4485
     799       1.6485
     800       1.4770
     801       1.7179
     802       1.3332
     803       1.3845
     804       1.5452
     805       1.4386
     806       1.3546
     807       1.3966
     808       1.5109
     809       1.4652
     810       1.4100
     811       1.4568
     812       1.3202
     813       1.3038
     814       1.4226
     815       1.3064
     816       1.3118
     817       1.3189
     818       1.4349
     819       1.2924
     820       1.2582
     821       1.2406
     822       1.4291
     823       1.2884
     824       1.2812
     825       1.2989
     826       1.3832
     827       1.2861
     828       1.4610
     829       1.6330
     830       1.4250
     831       1.6760
     832       1.6961
     833       1.6365
     834       1.5416
     835       1.4830
     836       1.9211
     837       1.8399
     838       1.5669
     839       1.4175
     840       1.3947
     841       1.5650
     842       1.7323
     843       1.5212
     844       1.5322
     845       1.4084
     846       1.6336
     847       1.5643
     848       1.6226
     849       2.0228
     850       1.9973
     851       1.9926
     852       1.6131
     853       1.4715
     854       1.4055
     855       1.5641
     856       1.7559
     857       1.7618
     858       1.5228
     859       1.5865
     860       1.6726
     861       1.6704
     862       1.8934
     863       1.9674
     864       1.6566
     865       1.8243
     866       1.6846
     867       1.7555
     868       2.1399
     869       1.7717
     870       1.9874
     871       1.5568
     872       1.6774
     873       1.5026
     874       1.7116
     875       1.7907
     876       1.6934
     877       1.4704
     878       1.7518
     879       1.7456
     880       2.2422
     881       1.9936
     882       1.7284
     883       1.7828
     884       1.7685
     885       1.5943
     886       1.6049
     887       1.5974
     888       1.4493
     889       1.7018
     890       1.6810
     891       1.5291
     892       1.6385
     893       1.4269
     894       1.7128
     895       1.6252
     896       1.4695
     897       1.3799
     898       1.5582
     899       1.4250
     900       1.3008
     901       1.3241
     902       1.4463
     903       1.3529
     904       1.5067
     905       1.3841
     906       1.3669
     907       1.2743
     908       1.3180
     909       1.4273
     910       1.3657
     911       1.4935
     912       1.3132
     913       1.2432
     914       1.2580
     915       1.2812
     916       1.1487
     917       1.3603
     918       1.1872
     919       1.3767
     920       1.6356
     921       1.4760
     922       1.2431
     923       1.6139
     924       1.7289
     925       1.5718
     926       1.3010
     927       1.4669
     928       1.7003
     929       1.8976
     930       1.3902
     931       1.7238
     932       1.5740
     933       1.6880
     934       1.3143
     935       1.3259
     936       1.3813
     937       1.3795
     938       1.4813
     939       1.2893
     940       1.2465
     941       1.3237
     942       1.2638
     943       1.4287
     944       1.2983
     945       1.2279
     946       1.2681
     947       1.2573
     948       1.1881
     949       1.2768
     950       1.3589
     951       1.2765
     952       1.3199
     953       1.4006
     954       1.4014
     955       1.4379
     956       1.3724
     957       1.5421
     958       1.5984
     959       1.9492
     960       1.7544
     961       1.5457
     962       1.7351
     963       1.6277
     964       1.4347
     965       1.8448
     966       1.7821
     967       1.5203
     968       1.5246
     969       1.5679
     970       1.3247
     971       1.5725
     972       1.5882
     973       1.4541
     974       1.5034
     975       1.3727
     976       1.5175
     977       1.5370
     978       1.4943
     979       1.4307
     980       1.3446
     981       1.3888
     982       1.6339
     983       1.8519
     984       1.5404
     985       1.6000
     986       1.5640
     987       1.6365
     988       1.9555
     989       1.6336
     990       1.7356
     991       1.6901
     992       1.5444
     993       1.6036
     994       2.0535
     995       1.9516
     996       1.9501
     997       1.5202
     998       1.5754
     999       1.5601
    1000       1.5444
    1001       1.6622
    1002       1.6841
    1003       1.5571
    1004       1.4641
    1005       1.4985
    1006       1.5887
    1007       1.4528
    1008       1.2284
    1009       1.4417
    1010       1.3446
    1011       1.4574
    1012       1.6181
    1013       1.6401
    1014       1.3398
    1015       1.3210
    1016       1.3940
    1017       1.4227
    1018       1.5132
    1019       1.2921
    1020       1.5412
    1021       1.4770
    1022       1.7006
    1023       1.4805
    1024       1.3441
    1025       1.5804
    1026       1.7588
    1027       1.5922
    1028       1.3305
    1029       1.4670
    1030       1.2737
    1031       1.4220
    1032       1.3226
    1033       1.2632
    1034       1.3237
    1035       1.2813
    1036       1.8757
    1037       1.9797
    1038       1.8664
    1039       2.0487
    1040       1.8919
    1041       1.9155
    1042       1.8951
    1043       2.1391
    1044       1.7819
    1045       1.6039
    1046       1.7206
    1047       1.8449
    1048       1.5497
    1049       1.7191
    1050       1.7684
    1051       1.7089
    1052       1.6684
    1053       1.9433
    1054       1.8258
    1055       1.6725
    1056       1.8788
    1057       1.7827
    1058       1.5231
    1059       1.7895
    1060       1.7908
    1061       1.5728
    1062       1.5001
    1063       1.6007
    1064       1.4633
    1065       1.4472
    1066       1.6592
    1067       1.5399
    1068       1.5051
    1069       2.2297
    1070       2.0924
    1071       1.6937
    1072       1.4579
    1073       1.4398
    1074       1.7897
    1075       2.1758
    1076       1.9235
    1077       2.1867
    1078       1.7491
    1079       1.6077
    1080       1.8731
    1081       1.8705
    1082       1.7108
    1083       1.8641
    1084       1.8792
    1085       1.7804
    1086       2.0951
    1087       2.2435
    1088       2.0532
    1089       1.9865
    1090       1.7410
    1091       1.9993
    1092       1.6551
    1093       1.6046
    1094       2.0248
    1095       1.8314
    1096       1.7249
    1097       1.6192
    1098       1.5877
    1099       1.8201
    1100       1.4542
    1101       1.9740
    1102       1.5304
    1103       1.6480
    1104       1.8993
    1105       1.8665
    1106       1.6089
    1107       1.6901
    1108       1.8963
    1109       2.2598
    1110       1.9886
    1111       2.5345
    1112       2.3013
    1113       2.0771
    1114       2.1253
    1115       1.8576
    1116       1.6530
    1117       1.6619
    1118       1.7891
    1119       1.6620
    1120       1.5480
    1121       1.3456
    1122       1.3116
    1123       1.4647
    1124       1.6085
    1125       2.1843
    1126       1.8225
    1127       1.6288
    1128       1.4403
    1129       1.6173
    1130       1.6247
    1131       1.6732
    1132       1.6549
    1133       1.6366
    1134       1.5849
    1135       1.5703
    1136       1.5897
    1137       1.6278
    1138       1.7709
    1139       1.6844
    1140       2.1322
    1141       1.8942
    1142       1.6900
    1143       1.5568
    1144       1.6666
    1145       1.7985
    1146       1.7358
    1147       1.6245
    1148       1.5913
    1149       1.6953
    1150       1.4858
    1151       1.6878
    1152       1.3954
    1153       1.5634
    1154       1.4365
    1155       1.2911
    1156       1.4251
    1157       1.6134
    1158       1.4495
    1159       1.4405
    1160       1.2921
    1161       1.4411
    1162       1.4348
    1163       1.6622
    1164       1.5799
    1165       1.6134
    1166       1.5857
    1167       1.5640
    1168       1.7235
    1169       1.7718
    1170       1.5908
    1171       1.6934
    1172       1.6750
    1173       1.6207
    1174       1.4936
    1175       1.3850
    1176       1.5051
    1177       1.5487
    1178       1.6611
    1179       1.5855
    1180       1.5302
    1181       1.5574
    1182       1.4027
    1183       1.3061
    1184       1.4201
    1185       1.3525
    1186       1.3438
    1187       1.3144
    1188       1.3969
    1189       1.6373
    1190       1.3750
    1191       1.4531
    1192       1.4345
    1193       1.3737
    1194       1.4931
    1195       1.3481
    1196       1.5332
    1197       1.5833
    1198       1.2524
    1199       1.3868
    1200       1.4252
    1201       1.2995
    1202       1.4770
    1203       1.3099
    1204       1.4550
    1205       1.4059
    1206       1.2946
    1207       1.2608
    1208       1.2566
    1209       1.4905
    1210       1.4563
    1211       1.4824
    1212       1.1897
    1213       1.4004
    1214       1.2293
    1215       1.3571
    1216       1.4003
    1217       1.3471
    1218       1.5142
    1219       1.3810
    1220       1.2147
    1221       1.3657
    1222       1.1585
    1223       1.4052
    1224       1.2029
    1225       1.4114
    1226       1.4467
    1227       1.3560
    1228       1.4100
    1229       1.5908
    1230       1.5128
    1231       1.3392
    1232       1.2954
    1233       1.4359
    1234       1.4793
    1235       1.4960
    1236       1.4820
    1237       1.3283
    1238       1.3868
    1239       1.4168
    1240       1.3683
    1241       1.5212
    1242       1.4171
    1243       1.3762
    1244       1.2518
    1245       1.3452
    1246       1.5227
    1247       1.4581
    1248       1.4495
    1249       1.4285
    1250       1.4117
    1251       1.3290
    1252       1.5356
    1253       1.8180
    1254       1.6095
    1255       1.5578
    1256       1.5660
    1257       1.8019
    1258       1.8199
    1259       1.5415
    1260       1.5672
    1261       1.4551
    1262       1.5868
    1263       1.5390
    1264       1.6272
    1265       1.5587
    1266       1.2044
    1267       1.3301
    1268       1.2992
    1269       1.2011
    1270       1.1731
    1271       1.1906
    1272       1.5125
    1273       1.4858
    1274       1.4617
    1275       1.4059
    1276       1.3080
    1277       1.2921
    1278       1.3267
    1279       1.3708
    1280       1.4034
    1281       1.3755
    1282       1.2528
    1283       1.3370
    1284       1.2919
    1285       1.4199
    1286       1.2325
    1287       1.3336
    1288       1.4207
    1289       1.2950
    1290       1.3342
    1291       1.3325
    1292       1.1837
    1293       1.1886
    1294       1.1750
    1295       1.2111
    1296       1.1995
    1297       1.3297
    1298       1.3083
    1299       1.3101
    1300       1.2887
    1301       1.2719
    1302       1.4136
    1303       1.3223
    1304       1.3766
    1305       1.3602
    1306       1.3917
    1307       1.3843
    1308       1.4800
    1309       1.6361
    1310       1.5495
    1311       1.3835
    1312       1.4981
    1313       1.3667
    1314       1.2336
    1315       1.3191
    1316       1.4942
    1317       1.5222
    1318       1.6308
    1319       1.4861
    1320       1.4078
    1321       1.5055
    1322       1.2894
    1323       1.2549
    1324       1.4707
    1325       1.5228
    1326       1.5939
    1327       1.3918
    1328       1.2378
    1329       1.2836
    1330       1.2924
    1331       1.3020
    1332       1.6532
    1333       1.5140
    1334       1.3766
    1335       1.3807
    1336       1.4356
    1337       1.3991
    1338       1.4430
    1339       1.4604
    1340       1.4539
    1341       1.4515
    1342       1.2814
    1343       1.2467
    1344       1.3438
    1345       1.3017
    1346       1.6238
    1347       1.3517
    1348       1.3250
    1349       1.3684
    1350       1.3990
    1351       1.2143
    1352       1.4186
    1353       1.2455
    1354       1.3425
    1355       1.2521
    1356       1.2861
    1357       1.3202
    1358       1.4876
    1359       1.7063
    1360       1.5639
    1361       1.8375
    1362       1.7287
    1363       1.5756
    1364       1.9359
    1365       1.7241
    1366       1.9386
    1367       1.5114
    1368       1.5214
    1369       1.3432
    1370       1.4110
    1371       1.3471
    1372       1.1609
    1373       1.3607
    1374       1.3865
    1375       1.5309
    1376       1.6776
    1377       1.3411
    1378       1.2955
    1379       1.2656
    1380       1.3580
    1381       1.2777
    1382       1.2321
    1383       1.3094
    1384       1.4052
    1385       1.5087
    1386       1.4319
    1387       1.6928
    1388       1.3855
    1389       1.5203
    1390       1.6624
    1391       1.4296
    1392       1.3692
    1393       1.3137
    1394       1.3354
    1395       1.4946
    1396       1.3945
    1397       1.4641
    1398       1.3489
    1399       1.8452
    1400       1.5359
    1401       1.5988
    1402       1.8396
    1403       1.7569
    1404       1.6985
    1405       1.4173
    1406       1.2926
    1407       1.4531
    1408       1.3937
    1409       1.4107
    1410       1.6508
    1411       1.5974
    1412       1.7204
    1413       1.9708
    1414       1.6799
    1415       1.6397
    1416       1.6224
    1417       2.0016
    1418       1.8189
    1419       2.1028
    1420       1.8196
    1421       1.7463
    1422       1.6679
    1423       1.5597
    1424       1.4427
    1425       1.4412
    1426       1.4962
    1427       1.5402
    1428       1.5878
    1429       1.4196
    1430       1.2420
    1431       1.3342
    1432       1.3901
    1433       1.2635
    1434       1.1722
    1435       1.2201
    1436       1.1834
    1437       1.1813
    1438       1.2960
    1439       1.3831
    1440       1.6030
    1441       1.7985
    1442       1.7133
    1443       1.4002
    1444       1.4971
    1445       1.3787
    1446       1.5017
    1447       1.5881
    1448       1.3319
    1449       1.2003
    1450       1.5339
    1451       1.7335
    1452       1.8863
    1453       1.4216
    1454       1.2233
    1455       1.5646
    1456       1.3908
    1457       1.5071
    1458       1.6097
    1459       1.3178
    1460       1.4182
    1461       1.5450
    1462       1.3068
    1463       1.5324
    1464       1.5893
    1465       1.8427
    1466       1.8006
    1467       1.9149
    1468       1.9400
    1469       1.7791
    1470       1.6278
    1471       1.8113
    1472       1.6785
    1473       1.6759
    1474       1.5862
    1475       1.4957
    1476       1.5182
    1477       1.6934
    1478       1.5280
    1479       1.3394
    1480       1.5016
    1481       1.3641
    1482       1.3626
    1483       1.3086
    1484       1.3168
    1485       1.1914
    1486       1.2532
    1487       1.3815
    1488       1.4121
    1489       1.5845
    1490       1.4984
    1491       1.6655
    1492       1.5363
    1493       1.6323
    1494       1.3677
    1495       1.4423
    1496       1.5755
    1497       1.4121
    1498       1.6211
    1499       1.4321
    1500       1.4244
    1501       1.2715
    1502       1.2689
    1503       1.6132
    1504       1.4734
    1505       1.5762
    1506       1.5728
    1507       1.5229
    1508       1.4665
    1509       1.4449
    1510       1.3383
    1511       1.3809
    1512       1.4600
    1513       1.4944
    1514       1.5243
    1515       1.5395
    1516       1.5833
    1517       1.9556
    1518       1.8284
    1519       1.8215
    1520       1.5089
    1521       1.7273
    1522       1.5252
    1523       1.7343
    1524       1.9656
    1525       1.7912
    1526       1.7042
    1527       1.4020
    1528       1.6060
    1529       1.6768
    1530       1.5963
    1531       1.5071
    1532       1.5472
    1533       1.6089
    1534       1.5414
    1535       1.5741
    1536       1.4752
    1537       1.6443
    1538       1.7115
    1539       1.5481
    1540       1.5472
    1541       1.6211
    1542       1.7316
    1543       1.6232
    1544       1.7212
    1545       1.6179
    1546       1.5727
    1547       1.6401
    1548       1.4341
    1549       1.5768
    1550       1.5569
    1551       1.5754
    1552       1.9156
    1553       1.5999
    1554       1.5395
    1555       1.5433
    1556       1.5131
    1557       1.5626
    1558       1.7596
    1559       1.6136
    1560       1.6814
    1561       1.3584
    1562       1.5776
    1563       1.5507
    1564       1.4117
    1565       1.7129
    1566       1.6909
    1567       1.6306
    1568       1.5646
    1569       1.3555
    1570       1.5779
    1571       1.4269
    1572       1.3698
    1573       1.3834
    1574       1.4429
    1575       1.4505
    1576       1.3559
    1577       1.3339
    1578       1.4617
    1579       1.3228
    1580       1.3486
    1581       1.4978
    1582       1.5850
    1583       1.4218
    1584       1.3475
    1585       1.4188
    1586       1.4292
    1587       1.3895
    1588       1.3977
    1589       1.3170
    1590       1.4570
    1591       1.3220
    1592       1.3233
    1593       1.4267
    1594       1.4763
    1595       1.5127
    1596       1.4961
    1597       1.4197
    1598       1.4134
    1599       1.6014
    1600       1.5296
    1601       1.3682
    1602       1.4416
    1603       1.4441
    1604       1.6549
    1605       1.6144
    1606       1.7623
    1607       1.8063
    1608       1.8763
    1609       1.4652
    1610       1.4440
    1611       1.4714
    1612       1.5176
    1613       1.5197
    1614       1.5712
    1615       1.5167
    1616       1.6042
    1617       1.4866
    1618       1.5421
    1619       1.4279
    1620       1.4098
    1621       1.5421
    1622       1.4067
    1623       1.3625
    1624       1.4687
    1625       1.3793
    1626       1.3767
    1627       1.3465
    1628       1.3434
    1629       1.3965
    1630       1.5687
    1631       1.3937
    1632       1.6755
    1633       1.7645
    1634       1.4547
    1635       1.4942
    1636       1.3756
    1637       1.4447
    1638       1.3600
    1639       1.7032
    1640       1.2989
    1641       1.3361
    1642       1.4247
    1643       1.6255
    1644       1.4704
    1645       1.4589
    1646       1.6951
    1647       1.6068
    1648       1.8680
    1649       2.1382
    1650       1.7378
    1651       1.5556
    1652       2.0768
    1653       1.9753
    1654       1.7108
    1655       1.4292
    1656       1.4233
    1657       1.4374
    1658       1.4061
    1659       1.4611
    1660       1.5787
    1661       1.3732
    1662       1.3137
    1663       1.4165
    1664       1.3272
    1665       1.4417
    1666       1.4107
    1667       1.3447
    1668       1.3915
    1669       1.2580
    1670       1.3337
    1671       1.3581
    1672       1.4195
    1673       1.4619
    1674       1.3889
    1675       1.3831
    1676       1.3219
    1677       1.4845
    1678       1.4698
    1679       1.4223
    1680       1.3413
    1681       1.3248
    1682       1.5045
    1683       1.3584
    1684       1.3452
    1685       1.3507
    1686       1.4058
    1687       1.4590
    1688       1.6650
    1689       1.5883
    1690       1.5968
    1691       1.7159
    1692       1.7666
    1693       1.6877
    1694       1.3238
    1695       1.4790
    1696       1.4093
    1697       1.3654
    1698       1.5132
    1699       1.4090
    1700       1.3229
    1701       1.5489
    1702       1.6860
    1703       1.5438
    1704       1.7264
    1705       1.5369
    1706       1.4741
    1707       1.4249
    1708       1.8918
    1709       2.0598
    1710       1.8935
    1711       1.8263
    1712       1.8147
    1713       1.8504
    1714       2.2276
    1715       2.4764
    1716       2.2947
    1717       2.2927
    1718       2.2099
    1719       1.9683
    1720       1.8668
    1721       1.6178
    1722       1.5492
    1723       2.0061
    1724       1.7394
    1725       1.6486
    1726       1.5506
    1727       1.7552
    1728       1.6847
    1729       1.5659
    1730       1.4275
    1731       1.4567
    1732       1.3351
    1733       1.7497
    1734       2.0860
    1735       2.3450
    1736       1.8970
    1737       1.7600
    1738       1.6231
    1739       1.5519
    1740       1.4851
    1741       1.3259
    1742       1.6056
    1743       1.5325
    1744       1.8341
    1745       1.9353
    1746       1.6205
    1747       1.3003
    1748       1.3238
    1749       1.5070
    1750       1.2971
    1751       1.3606
    1752       1.3188
    1753       1.3997
    1754       1.5757
    1755       1.7500
    1756       1.4079
    1757       1.6171
    1758       1.4572
    1759       1.4636
    1760       1.5245
    1761       1.3988
    1762       1.3926
    1763       1.6286
    1764       1.4287
    1765       1.4289
    1766       1.4125
    1767       1.3656
    1768       1.3813
    1769       1.6055
    1770       1.4904
    1771       1.6720
    1772       1.5664
    1773       1.6533
    1774       1.7347
    1775       1.4992
    1776       1.3809
    1777       1.5718
    1778       1.2333
    1779       1.2694
    1780       1.2651
    1781       1.3413
    1782       1.3200
    1783       1.5715
    1784       1.2843
    1785       1.5478
    1786       1.3370
    1787       1.4137
    1788       1.4441
    1789       1.3325
    1790       1.5234
    1791       1.8734
    1792       1.8334
    1793       1.7579
    1794       1.6743
    1795       1.6473
    1796       1.7903
    1797       2.1080
    1798       2.0513
    1799       1.8524
    1800       1.9455
    1801       2.1985
    1802       1.9417
    1803       2.1614
    1804       2.1313
    1805       1.8322
    1806       1.8767
    1807       1.9611
    1808       1.6828
    1809       1.8080
    1810       1.3289
    1811       1.6983
    1812       1.6288
    1813       1.5904
    1814       1.6606
    1815       1.3932
    1816       1.5713
    1817       1.4537
    1818       1.3724
    1819       1.4491
    1820       1.4894
    1821       1.4669
    1822       1.8872
    1823       1.4290
    1824       1.8077
    1825       1.7616
    1826       1.6964
    1827       1.7468
    1828       1.8151
    1829       1.8247
    1830       1.4517
    1831       1.5041
    1832       2.1361
    1833       1.9283
    1834       1.6151
    1835       1.4928
    1836       1.5010
    1837       1.5337
    1838       1.5569
    1839       1.7124
    1840       1.4625
    1841       1.6586
    1842       1.9774
    1843       2.0303
    1844       2.2076
    1845       2.8311
    1846       2.5288
    1847       2.0527
    1848       2.3462
    1849       2.0044
    1850       1.9114
    1851       1.5370
    1852       1.5126
    1853       1.5839
    1854       1.5960
    1855       1.8571
    1856       1.8100
    1857       1.8065
    1858       1.7658
    1859       1.7044
    1860       1.4929
    1861       2.0067
    1862       2.1082
    1863       1.9577
    1864       1.6481
    1865       1.8739
    1866       2.0252
    1867       2.1748
    1868       1.9136
    1869       1.8730
    1870       2.0002
    1871       1.8235
    1872       1.4671
    1873       1.5455
    1874       1.7549
    1875       2.3459
    1876       1.7799
    1877       1.7844
    1878       1.7146
    1879       1.5722
    1880       1.8012
    1881       1.8822
    1882       1.6442
    1883       1.6017
    1884       1.4497
    1885       1.3750
    1886       1.3584
    1887       1.4813
    1888       1.6440
    1889       1.9885
    1890       1.7948
    1891       1.8469
    1892       2.0457
    1893       1.8755
    1894       2.1624
    1895       2.2212
    1896       1.8695
    1897       2.0585
    1898       1.7602
    1899       1.8202
    1900       1.8044
    1901       2.0669
    1902       1.9611
    1903       1.8590
    1904       1.8879
    1905       1.6240
    1906       1.5800
    1907       1.9462
    1908       1.5572
    1909       1.9215
    1910       1.8177
    1911       1.9612
    1912       2.1996
    1913       1.6600
    1914       1.6130
    1915       1.7148
    1916       1.5878
    1917       1.9729
    1918       1.6256
    1919       1.8110
    1920       1.9119
    1921       1.9163
    1922       1.9890
    1923       1.9037
    1924       2.0953
    1925       2.1183
    1926       1.9337
    1927       1.7939
    1928       1.9321
    1929       1.7969
    1930       1.9400
    1931       2.0138
    1932       1.9093
    1933       1.6889
    1934       1.8570
    1935       2.0724
    1936       1.9618
    1937       1.6830
    1938       1.6428
    1939       1.6162
    1940       1.8011
    1941       1.9399
    1942       1.6322
    1943       1.8282
    1944       1.9909
    1945       1.8883
    1946       2.0201
    1947       1.9621
    1948       1.7992
    1949       1.7459
    1950       1.7613
    1951       1.8633
    1952       2.2338
    1953       2.0959
    1954       1.9059
    1955       1.9681
    1956       2.0115
    1957       1.8794
    1958       1.9794
    1959       1.8908
    1960       1.7864
    1961       1.9979
    1962       1.7986
    1963       1.6219
    1964       1.5718
    1965       1.7539
    1966       1.8973
    1967       1.7916
    1968       1.7172
    1969       1.7873
    1970       1.6745
    1971       1.5576
    1972       1.6522
    1973       1.3706
    1974       1.4068
    1975       1.3927
    1976       1.3342
    1977       1.4110
    1978       1.4049
    1979       1.3776
    1980       1.5881
    1981       1.5730
    1982       1.3911
    1983       1.3849
    1984       1.6448
    1985       1.3715
    1986       1.6796
    1987       1.5166
    1988       1.7322
    1989       1.6313
    1990       1.5341
    1991       1.6509
    1992       1.9988
    1993       1.9691
    1994       1.6029
    1995       2.0049
    1996       2.3669
    1997       1.9385
    1998       1.6789
    1999       1.7915
    2000       1.6707
    2001       1.9682
    2002       1.7177
    2003       1.5392
    2004       1.7793
    2005       1.4589
    2006       1.4426
    2007       1.5584
    2008       1.5594
    2009       1.4744
    2010       1.3584
    2011       1.4990
    2012       1.4997
    2013       1.7326
    2014       2.2415
    2015       1.7745
    2016       1.9820
    2017       1.5915
    2018       1.6379
    2019       1.8173
    2020       1.8108
    2021       1.7517
    2022       1.4923
    2023       1.7933
    2024       2.1355
    2025       2.0578
    2026       2.0672
    2027       1.9391
    2028       1.8156
    2029       2.0496
    2030       2.0940
    2031       1.9851
    2032       1.8003
    2033       1.5283
    2034       1.8176
    2035       2.0445
    2036       2.2665
    2037       2.0571
    2038       1.6622
    2039       1.7394
    2040       2.0744
    2041       1.7950
    2042       1.8702
    2043       1.8783
    2044       2.0686
    2045       1.9350
    2046       2.1978
    2047       2.2757
    2048       1.9784
    2049       1.7302
    2050       1.9140
    2051       2.0285
    2052       2.0463
    2053       1.7627
    2054       1.6473
    2055       1.6070
    2056       1.6697
    2057       1.5878
    2058       1.8268
    2059       2.0361
    2060       1.7440
    2061       1.7424
    2062       1.5232
    2063       1.5998
    2064       1.6440
    2065       1.7671
    2066       1.5581
    2067       1.9530
    2068       1.4521
    2069       1.7655
    2070       1.6419
    2071       1.4617
    2072       1.4979
    2073       1.6829
    2074       2.1299
    2075       1.9600
    2076       1.7656
    2077       1.9000
    2078       2.2333
    2079       2.2925
    2080       2.3053
    2081       2.0005
    2082       2.2817
    2083       2.1292
    2084       1.7699
    2085       1.7739
    2086       2.0223
    2087       2.1171
    2088       1.8357
    2089       1.8978
    2090       1.7736
    2091       1.6299
    2092       1.7201
    2093       1.9239
    2094       2.1363
    2095       2.0094
    2096       1.7944
    2097       1.6029
    2098       1.9749
    2099       1.8463
    2100       1.7242
    2101       1.6970
    2102       1.8194
    2103       1.7859
    2104       1.5075
    2105       1.8210
    2106       1.8329
    2107       1.7358
    2108       2.0812
    2109       1.9043
    2110       2.1603
    2111       2.3442
    2112       2.1197
    2113       2.0762
    2114       2.0749
    2115       2.2746
    2116       2.0068
    2117       1.8317
    2118       2.2908
    2119       1.9964
    2120       1.7906
    2121       1.5085
    2122       1.3949
    2123       1.4850
    2124       1.7080
    2125       1.6425
    2126       1.7538
    2127       1.8099
    2128       2.0300
    2129       1.7919
    2130       2.1391
    2131       1.8234
    2132       1.7139
    2133       1.9480
    2134       1.6144
    2135       1.7475
    2136       1.7868
    2137       1.7934
    2138       1.7888
    2139       2.1034
    2140       2.0133
    2141       1.4783
    2142       1.6753
    2143       1.5192
    2144       1.6151
    2145       1.8617
    2146       1.5757
    2147       1.8793
    2148       1.6338
    2149       1.6233
    2150       1.6452
    2151       1.5970
    2152       1.6698
    2153       1.8937
    2154       1.9093
    2155       1.7475
    2156       1.8442
    2157       1.9290
    2158       1.7513
    2159       1.8125
    2160       1.8277
    2161       2.0310
    2162       1.7881
    2163       1.8066
    2164       1.8754
    2165       1.5587
    2166       1.5022
    2167       1.6142
    2168       1.7437
    2169       1.9122
    2170       1.7413
    2171       1.5080
    2172       1.7038
    2173       1.6140
    2174       1.7225
    2175       1.5883
    2176       1.7016
    2177       1.5324
    2178       1.7621
    2179       1.7221
    2180       1.6280
    2181       1.6488
    2182       1.7661
    2183       1.8469
    2184       1.7271
    2185       1.6997
    2186       1.6419
    2187       1.4612
    2188       1.7055
    2189       1.8087
    2190       1.8893
    2191       1.8539
    2192       1.9072
    2193       1.7549
    2194       1.7523
    2195       1.9430
    2196       1.9145
    2197       1.6865
    2198       1.9015
    2199       1.7128
    2200       1.9332
    2201       1.7843
    2202       1.8761
    2203       1.9104
    2204       1.8168
    2205       1.8226
    2206       1.8828
    2207       1.9895
    2208       1.8622
    2209       1.9871
    2210       2.1357
    2211       2.0627
    2212       2.0875
    2213       2.0608
    2214       2.0407
    2215       2.2445
    2216       2.0262
    2217       1.8773
    2218       1.7301
    2219       1.8514
    2220       1.7542
    2221       1.8512
    2222       1.6731
    2223       1.8486
    2224       1.6603
    2225       1.8153
    2226       1.7532
    2227       1.5885
    2228       1.9895
    2229       1.7314
    2230       1.6620
    2231       1.6447
    2232       1.8542
    2233       1.5807
    2234       1.5398
    2235       1.8908
    2236       1.6700
    2237       1.7215
    2238       1.5042
    2239       1.8857
    2240       1.8431
    2241       1.8905
    2242       1.6655
    2243       1.5204
    2244       1.8505
    2245       1.7227
    2246       1.6244
    2247       1.9500
    2248       1.7180
    2249       1.4632
    2250       1.5392
    2251       1.8296
    2252       1.8404
    2253       1.7349
    2254       1.8146
    2255       1.6167
    2256       1.7646
    2257       1.5440
    2258       1.5526
    2259       1.7336
    2260       1.8362
    2261       2.0149
    2262       1.5339
    2263       1.5667
    2264       1.5595
    2265       1.5632
    2266       1.8397
    2267       1.8910
    2268       1.9930
    2269       1.8093
    2270       1.5393
    2271       1.6247
    2272       1.5720
    2273       1.7103
    2274       1.8926
    2275       1.7721
    2276       1.7365
    2277       1.7168
    2278       1.7490
    2279       2.1582
    2280       1.7387
    2281       1.5588
    2282       2.0076
    2283       1.8948
    2284       2.1226
    2285       1.8262
    2286       1.8700
    2287       2.0946
    2288       2.1543
    2289       1.9698
    2290       2.3203
    2291       1.8539
    2292       2.0187
    2293       1.9342
    2294       2.1950
    2295       2.0515
    2296       2.1154
    2297       1.6952
    2298       1.7962
    2299       1.8550
    2300       2.0237
    2301       1.8009
    2302       1.7389
    2303       1.7675
    2304       1.7113
    2305       1.6043
    2306       2.1075
    2307       1.8631
    2308       1.7741
    2309       2.1265
    2310       2.4018
    2311       2.0692
    2312       1.8996
    2313       2.0042
    2314       2.2742
    2315       2.0712
    2316       1.4290
    2317       1.6024
    2318       2.0693
    2319       1.8697
    2320       1.6319
    2321       1.6107
    2322       1.6086
    2323       1.3034
    2324       1.2381
    2325       1.4850
    2326       1.6333
    2327       1.6792
    2328       2.0497
    2329       2.0270
    2330       2.1086
    2331       1.8933
    2332       2.1522
    2333       2.1013
    2334       1.7768
    2335       2.1580
    2336       2.2299
    2337       2.1368
    2338       2.2934
    2339       2.1967
    2340       2.0481
    2341       2.0923
    2342       2.5663
    2343       2.4839
    2344       2.5051
    2345       1.9450
    2346       1.9146
    2347       2.2482
    2348       1.9797
    2349       1.7619
    2350       2.1326
    2351       1.8783
    2352       2.3253
    2353       1.9822
    2354       2.2665
    2355       2.6037
    2356       2.2608
    2357       2.1892
    2358       2.2316
    2359       2.0333
    2360       2.0621
    2361       2.2091
    2362       1.8991
    2363       1.7954
    2364       1.7397
    2365       1.5915
    2366       1.5356
    2367       1.4820
    2368       1.7176
    2369       1.8224
    2370       2.0007
    2371       1.9125
    2372       2.0401
    2373       2.0474
    2374       2.3044
    2375       2.0724
    2376       2.1937
    2377       2.1867
    2378       1.9859
    2379       2.1583
    2380       2.0535
    2381       1.8782
    2382       1.7204
    2383       1.8803
    2384       1.5360
    2385       1.7131
    2386       1.5660
    2387       1.6050
    2388       1.6694
    2389       1.8870
    2390       1.7540
    2391       1.8397
    2392       1.6960
    2393       1.9620
    2394       2.0424
    2395       1.7553
    2396       1.7961
    2397       2.0711
    2398       1.9170
    2399       1.9114
    2400       1.9142
    2401       1.6385
    2402       1.8479
    2403       2.2610
    2404       2.0405
    2405       1.6870
    2406       1.8422
    2407       1.7684
    2408       1.9685
    2409       1.7293
    2410       1.9861
    2411       2.2615
    2412       2.3462
    2413       2.7219
    2414       2.1338
    2415       1.9341
    2416       1.9585
    2417       1.8913
    2418       1.7019
    2419       2.1491
    2420       2.2192
    2421       2.0265
    2422       1.8906
    2423       1.7224
    2424       1.7087
    2425       1.6421
    2426       1.2335
    2427       1.2660
    2428       1.3421
    2429       1.3788
    2430       1.4834
    2431       1.4257
    2432       1.5654
    2433       1.6336
    2434       1.9661
    2435       2.0667
    2436       1.8404
    2437       1.6311
    2438       1.9473
    2439       1.9746
    2440       1.7583
    2441       1.6225
    2442       1.6089
    2443       1.6836
    2444       1.7520
    2445       1.6569
    2446       1.6856
    2447       1.9355
    2448       1.9955
    2449       1.8070
    2450       1.5119
    2451       1.6629
    2452       1.4445
    2453       1.5558
    2454       1.3245
    2455       1.5460
    2456       1.2645
    2457       1.2915
    2458       1.3132
    2459       1.5093
    2460       1.4384
    2461       1.3633
    2462       1.3520
    2463       1.6437
    2464       1.8072
    2465       1.4615
    2466       1.3229
    2467       1.4573
    2468       1.5915
    2469       1.7409
    2470       1.5942
    2471       1.8970
    2472       1.6691
    2473       1.5722
    2474       1.5519
    2475       1.5052
    2476       1.8355
    2477       1.7165
    2478       1.7264
    2479       1.6582
    2480       1.6037
    2481       1.7820
    2482       1.5878
    2483       1.6813
    2484       1.7416
    2485       1.4320
    2486       1.4552
    2487       1.5957
    2488       1.4402
    2489       1.5012
    2490       1.6692
    2491       1.7901
    2492       1.5314
    2493       1.6368
    2494       1.8527
    2495       1.6926
    2496       1.7819
    2497       1.6913
    2498       1.8694
    2499       1.5940
    2500       1.7912
    2501       1.6888
    2502       1.5846
    2503       1.7651
    2504       1.5579
    2505       1.7384
    2506       2.1099
    2507       1.8095
    2508       1.9221
    2509       1.7818
    2510       1.7154
    2511       1.8623
    2512       1.7776
    2513       1.7662
    2514       1.8762
    2515       1.5565
    2516       1.7396
    2517       1.9484
    2518       1.6799
    2519       1.7477
    2520       2.1186
    2521       1.6006
    2522       1.5984
    2523       1.8465
    2524       1.8736
    2525       1.7715
    2526       1.5798
    2527       1.6826
    2528       1.8711
    2529       2.3828
    2530       2.1193
    2531       1.8084
    2532       1.9555
    2533       1.5420
    2534       1.7039
    2535       1.9531
    2536       1.8307
    2537       1.7852
    2538       1.8950
    2539       1.6294
    2540       1.4726
    2541       1.6851
    2542       1.7615
    2543       1.9807
    2544       1.7674
    2545       1.7561
    2546       1.7240
    2547       1.6225
    2548       1.4940
    2549       1.7114
    2550       1.6007
    2551       1.6681
    2552       1.7697
    2553       1.6140
    2554       1.5126
    2555       1.5266
    2556       1.6373
    2557       1.8767
    2558       1.2577
    2559       1.4465
    2560       1.5419
    2561       1.5249
    2562       1.4706
    2563       1.4135
    2564       1.3552
    2565       1.7343
    2566       1.4129
    2567       1.5742
    2568       1.8453
    2569       1.8728
    2570       1.8440
    2571       1.9015
    2572       1.9683
    2573       2.0387
    2574       1.9722
    2575       1.9635
    2576       1.7571
    2577       1.5558
    2578       1.7050
    2579       1.7307
    2580       1.7627
    2581       1.4821
    2582       1.5467
    2583       1.5939
    2584       1.8041
    2585       1.5876
    2586       1.6796
    2587       1.5938
    2588       1.8095
    2589       1.8584
    2590       1.6381
    2591       1.7656
    2592       2.4229
    2593       2.2547
    2594       1.7811
    2595       1.4875
    2596       1.6647
    2597       1.8607
    2598       1.6733
    2599       1.5803
    2600       1.5233
    2601       1.4886
    2602       1.5988
    2603       1.6622
    2604       1.6550
    2605       1.5000
    2606       1.8234
    2607       2.2148
    2608       1.8867
    2609       2.1717
    2610       2.3287
    2611       2.0087
    2612       2.0496
    2613       2.2993
    2614       2.2646
    2615       2.3901
    2616       2.1244
    2617       2.2579
    2618       2.3206
    2619       2.1432
    2620       2.6914
    2621       2.3817
    2622       2.7251
    2623       2.5315
    2624       2.4128
    2625       2.2583
    2626       2.3293
    2627       2.3717
    2628       2.2216
    2629       2.0961
    2630       1.8739
    2631       2.0265
    2632       1.9094
    2633       1.6862
    2634       1.8166
    2635       2.1297
    2636       1.8975
    2637       1.7439
    2638       2.1007
    2639       1.9521
    2640       1.9859
    2641       1.7146
    2642       1.9827
    2643       1.9716
    2644       2.1910
    2645       2.1496
    2646       1.6970
    2647       1.7068
    2648       2.0570
    2649       2.0105
    2650       2.4248
    2651       2.2443
    2652       2.1380
    2653       1.8611
    2654       1.5217
    2655       1.7677
    2656       1.3963
    2657       1.5049
    2658       1.3619
    2659       1.5886
    2660       1.7198
    2661       1.8593
    2662       1.5365
    2663       1.6712
    2664       1.4452
    2665       1.4156
    2666       1.9757
    2667       1.7547
    2668       1.6635
    2669       1.6467
    2670       1.8807
    2671       1.3180
    2672       1.4999
    2673       1.3692
    2674       1.5990
    2675       1.4278
    2676       1.8869
    2677       1.6389
    2678       1.8147
    2679       1.2155
    2680       1.4621
    2681       1.4643
    2682       1.6895
    2683       1.7314
    2684       1.5082
    2685       1.5436
    2686       1.5679
    2687       1.5123
    2688       1.3661
    2689       1.4550
    2690       1.3861
    2691       1.3883
    2692       1.8329
    2693       1.9056
    2694       1.7427
    2695       1.4774
    2696       1.8316
    2697       1.5073
    2698       1.5418
    2699       1.5964
    2700       1.8555
    2701       1.6568
    2702       1.8831
    2703       1.6562
    2704       1.8201
    2705       1.4263
    2706       1.5187
    2707       1.5020
    2708       1.4940
    2709       1.5182
    2710       1.4060
    2711       1.4269
    2712       1.5407
    2713       1.7739
    2714       2.1065
    2715       1.7624
    2716       1.9233
    2717       1.5075
    2718       1.6820
    2719       2.0129
    2720       1.9474
    2721       2.0256
    2722       1.9758
    2723       1.8188
    2724       1.8157
    2725       1.6138
    2726       1.5189
    2727       1.6310
    2728       1.3907
    2729       1.7246
    2730       1.5586
    2731       1.4832
    2732       1.5070
    2733       1.5394
    2734       1.1959
    2735       1.4334
    2736       1.4223
    2737       1.4573
    2738       1.3264
    2739       1.5578
    2740       1.4588
    2741       1.4531
    2742       1.7965
    2743       1.6278
    2744       1.6848
    2745       1.5895
    2746       1.9020
    2747       1.6859
    2748       1.7654
    2749       1.7950
    2750       1.8466
    2751       1.5720
    2752       1.4568
    2753       1.3094
    2754       1.5056
    2755       1.4359
    2756       1.3173
    2757       1.3772
    2758       1.6433
    2759       1.3910
    2760       1.5357
    2761       1.4933
    2762       1.6565
    2763       1.8274
    2764       1.8234
    2765       1.5211
    2766       1.4861
    2767       1.4801
    2768       1.6092
    2769       1.5685
    2770       1.7279
    2771       1.4915
    2772       1.8552
    2773       1.8455
    2774       1.6662
    2775       1.6111
    2776       1.6061
    2777       1.7035
    2778       1.6536
    2779       1.5293
    2780       1.5998
    2781       1.5755
    2782       1.7631
    2783       1.8489
    2784       2.0112
    2785       1.8120
    2786       1.7955
    2787       1.9152
    2788       1.6250
    2789       1.7976
    2790       1.7735
    2791       2.0148
    2792       1.7321
    2793       1.7557
    2794       1.5667
    2795       1.6677
    2796       1.6018
    2797       1.7943
    2798       1.8006
    2799       1.6910
    2800       1.5225
    2801       1.3661
    2802       1.4259
    2803       1.4659
    2804       1.5871
    2805       1.5277
    2806       1.6503
    2807       1.6825
    2808       1.8581
    2809       1.7508
    2810       1.7927
    2811       1.7604
    2812       1.7019
    2813       1.2592
    2814       1.6696
    2815       1.3477
    2816       1.3536
    2817       1.3129
    2818       1.2140
    2819       1.4221
    2820       1.1980
    2821       1.3382
    2822       1.2582
    2823       1.2935
    2824       1.2499
    2825       1.3039
    2826       1.3692
    2827       1.5193
    2828       1.6818
    2829       1.8098
    2830       1.7381
    2831       1.8722
    2832       1.9215
    2833       2.0091
    2834       1.7965
    2835       1.9456
    2836       1.7120
    2837       1.5880
    2838       1.6539
    2839       1.5558
    2840       1.5027
    2841       1.6448
    2842       1.5304
    2843       1.8655
    2844       1.7962
    2845       1.6080
    2846       1.5448
    2847       1.5207
    2848       1.7957
    2849       1.8234
    2850       1.7883
    2851       2.0140
    2852       1.6883
    2853       1.6288
    2854       1.5435
    2855       1.8831
    2856       1.7349
    2857       1.7521
    2858       1.4320
    2859       1.7455
    2860       1.6161
    2861       1.8309
    2862       2.2748
    2863       1.8232
    2864       2.0363
    2865       1.7526
    2866       1.7554
    2867       1.7009
    2868       1.7618
    2869       1.6984
    2870       1.9278
    2871       1.6563
    2872       1.5553
    2873       1.7479
    2874       1.6691
    2875       1.8257
    2876       1.5792
    2877       1.6028
    2878       1.6921
    2879       1.7238
    2880       1.8101
    2881       1.5966
    2882       1.8763
    2883       1.7116
    2884       1.5462
    2885       1.4840
    2886       1.6889
    2887       1.6586
    2888       1.5127
    2889       1.8515
    2890       1.7001
    2891       1.9691
    2892       1.6819
    2893       1.7458
    2894       1.9374
    2895       1.8181
    2896       1.5819
    2897       1.5439
    2898       1.7577
    2899       1.4039
    2900       1.5582
    2901       1.8634
    2902       1.7709
    2903       1.5871
    2904       1.6413
    2905       2.0517
    2906       1.7284
    2907       2.1142
    2908       2.2629
    2909       1.7188
    2910       2.2600
    2911       1.7467
    2912       1.9309
    2913       1.8395
    2914       1.7087
    2915       1.8222
    2916       1.8766
    2917       1.7695
    2918       1.7211
    2919       2.0045
    2920       2.0634
    2921       1.9055
    2922       2.0551
    2923       2.0177
    2924       2.1234
    2925       1.8745
    2926       1.6412
    2927       1.8881
    2928       1.7060
    2929       1.7683
    2930       1.5562
    2931       1.7000
    2932       1.6748
    2933       1.7457
    2934       1.5461
    2935       1.4719
    2936       1.8187
    2937       1.5100
    2938       1.4622
    2939       1.6399
    2940       1.9287
    2941       1.9926
    2942       2.1125
    2943       1.7276
    2944       1.7487
    2945       1.7722
    2946       1.8588
    2947       1.5039
    2948       1.7258
    2949       2.0848
    2950       1.7439
    2951       1.8458
    2952       2.1639
    2953       2.1438
    2954       2.4862
    2955       2.0901
    2956       1.9067
    2957       2.0809
    2958       1.8432
    2959       1.6617
    2960       1.7647
    2961       1.7967
    2962       2.1826
    2963       1.8490
    2964       1.8539
    2965       1.5177
    2966       1.6440
    2967       1.5824
    2968       1.7884
    2969       1.8342
    2970       1.8084
    2971       1.7323
    2972       1.7338
    2973       1.8483
    2974       1.8549
    2975       1.7000
    2976       1.8067
    2977       1.6092
    2978       1.6225
    2979       1.8022
    2980       1.5917
    2981       1.9097
    2982       1.7305
    2983       1.9028
    2984       1.5519
    2985       1.5573
    2986       1.7185
    2987       1.6516
    2988       1.6126
    2989       1.4906
    2990       1.7232
    2991       1.7613
    2992       1.5544
    2993       1.5743
    2994       1.7818
    2995       1.7614
    2996       1.8559
    2997       1.6168
    2998       1.6361
    2999       1.7671
    3000       1.6517
    3001       1.5147
    3002       1.8004
    3003       1.8792
    3004       2.0372
    3005       1.6813
    3006       1.8230
    3007       2.1153
    3008       1.6553
    3009       1.9795
    3010       1.6582
    3011       1.5465
    3012       1.8206
    3013       1.6931
    3014       1.5652
    3015       1.6168
    3016       1.8199
    3017       1.8006
    3018       2.2069
    3019       1.7539
    3020       1.9669
    3021       1.8311
    3022       1.8312
    3023       1.6925
    3024       1.6650
    3025       1.9380
    3026       1.7506
    3027       1.6703
    3028       1.8997
    3029       1.8732
    3030       1.8923
    3031       1.9105
    3032       1.9254
    3033       1.5231
    3034       1.5733
    3035       1.6237
    3036       1.8987
    3037       1.8816
    3038       1.8756
    3039       1.6705
    3040       1.8062
    3041       1.6985
    3042       1.8805
    3043       1.8123
    3044       1.6852
    3045       1.5196
    3046       1.7574
    3047       1.5003
    3048       1.8562
    3049       2.0398
    3050       1.9636
    3051       1.7480
    3052       2.0507
    3053       1.7741
    3054       1.8523
    3055       1.7296
    3056       1.8558
    3057       1.8050
    3058       2.0379
    3059       1.9072
    3060       1.8016
    3061       1.6834
    3062       1.7423
    3063       1.8136
    3064       1.8298
    3065       1.8829
    3066       1.9889
    3067       2.3187
    3068       1.8601
    3069       1.6391
    3070       2.0326
    3071       2.0185
    3072       1.9855
    3073       1.9531
    3074       1.7202
    3075       1.7436
    3076       1.6928
    3077       1.5964
    3078       1.6682
    3079       1.8891
    3080       1.8734
    3081       1.5500
    3082       1.6381
    3083       1.8925
    3084       1.8447
    3085       1.5991
    3086       1.6553
    3087       1.6510
    3088       1.4839
    3089       1.6578
    3090       1.6861
    3091       1.6434
    3092       1.8413
    3093       1.9138
    3094       1.8423
    3095       1.6670
    3096       1.9444
    3097       1.9308
    3098       1.9900
    3099       1.7587
    3100       1.6313
    3101       1.8124
    3102       1.5176
    3103       1.7104
    3104       1.6915
    3105       1.4797
    3106       1.6712
    3107       1.6073
    3108       1.7342
    3109       1.4211
    3110       1.7009
    3111       1.8489
    3112       1.6564
    3113       1.6915
    3114       1.6005
    3115       1.6237
    3116       1.6479
    3117       1.9063
    3118       2.0106
    3119       1.9378
    3120       1.6344
    3121       1.6313
    3122       1.7016
    3123       1.7592
    3124       1.6443
    3125       1.6748
    3126       1.7936
    3127       1.6000
    3128       1.6876
    3129       1.5871
    3130       1.4961
    3131       1.5775
    3132       1.4636
    3133       1.5847
    3134       1.4247
    3135       1.5576
    3136       1.4976
    3137       1.4796
    3138       1.5051
    3139       1.4050
    3140       1.5481
    3141       1.7026
    3142       1.7915
    3143       1.6959
    3144       1.4917
    3145       1.4421
    3146       1.5086
    3147       1.5619
    3148       1.5215
    3149       1.4916
    3150       1.5541
    3151       1.6572
    3152       1.6475
    3153       1.5055
    3154       1.5378
    3155       1.6250
    3156       1.5964
    3157       1.5512
    3158       1.4749
    3159       1.4167
    3160       1.5247
    3161       1.6203
    3162       1.7867
    3163       1.5103
    3164       1.6127
    3165       1.6473
    3166       1.5997
    3167       1.5178
    3168       1.6616
    3169       1.5695
    3170       1.4617
    3171       1.6373
    3172       1.5234
    3173       1.4810
    3174       1.5760
    3175       1.7320
    3176       1.7098
    3177       1.6560
    3178       1.8164
    3179       1.5049
    3180       1.6938
    3181       1.5615
    3182       1.5709
    3183       1.4794
    3184       1.8224
    3185       1.6040
    3186       1.7083
    3187       1.6268
    3188       1.8831
    3189       1.6067
    3190       1.5363
    3191       1.7058
    3192       1.7435
    3193       1.6623
    3194       1.6932
    3195       1.6562
    3196       1.5304
    3197       1.6257
    3198       1.6714
    3199       1.9442
    3200       1.5320
    3201       1.7896
    3202       1.8613
    3203       1.8164
    3204       1.9127
    3205       1.7027
    3206       1.9511
    3207       1.7540
    3208       1.8501
    3209       1.7013
    3210       1.7530
    3211       1.6701
    3212       1.7790
    3213       1.7834
    3214       1.5743
    3215       1.7667
    3216       1.6863
    3217       1.8503
    3218       1.9000
    3219       2.0643
    3220       1.9319
    3221       2.0539
    3222       1.9526
    3223       1.9314
    3224       2.2354
    3225       2.0942
    3226       1.8990
    3227       1.9750
    3228       2.1289
    3229       2.0238
    3230       1.9227
    3231       2.0743
    3232       1.9333
    3233       1.8118
    3234       1.9676
    3235       1.8415
    3236       1.7269
    3237       1.6293
    3238       1.7440
    3239       1.8444
    3240       1.9952
    3241       1.8048
    3242       1.7447
    3243       1.5664
    3244       1.6815
    3245       1.8176
    3246       1.7435
    3247       1.5731
    3248       1.6844
    3249       1.7748
    3250       1.7613
    3251       1.7301
    3252       1.7710
    3253       1.8773
    3254       1.8193
    3255       1.6970
    3256       1.6764
    3257       1.5752
    3258       1.8915
    3259       1.5469
    3260       1.5806
    3261       1.4306
    3262       1.6704
    3263       1.7167
    3264       1.6193
    3265       1.8286
    3266       1.8162
    3267       1.7895
    3268       1.9393
    3269       1.6018
    3270       1.9160
    3271       1.8485
    3272       1.7433
    3273       1.6559
    3274       1.5472
    3275       1.5844
    3276       1.5343
    3277       1.6516
    3278       1.8251
    3279       1.7601
    3280       1.7311
    3281       1.6296
    3282       1.7255
    3283       1.6593
    3284       1.6541
    3285       1.6295
    3286       1.7136
    3287       1.6318
    3288       1.6893
    3289       1.7125
    3290       1.6887
    3291       1.5503
    3292       1.7573
    3293       1.7282
    3294       1.8326
    3295       1.5969
    3296       1.6506
    3297       1.9103
    3298       1.6736
    3299       1.5473
    3300       1.7495
    3301       1.7429
    3302       2.0041
    3303       2.0218
    3304       1.7151
    3305       1.7011
    3306       1.6557
    3307       1.7047
    3308       1.6816
    3309       1.5394
    3310       1.6368
    3311       1.6527
    3312       1.8942
    3313       1.8213
    3314       1.8831
    3315       1.8859
    3316       1.5885
    3317       1.6689
    3318       1.7687
    3319       1.6405
    3320       1.5840
    3321       1.7776
    3322       1.5358
    3323       2.0062
    3324       2.1627
    3325       1.9601
    3326       1.8703
    3327       1.6885
    3328       1.7090
    3329       1.8037
    3330       1.9187
    3331       1.5801
    3332       1.6331
    3333       1.8114
    3334       1.8182
    3335       1.7419
    3336       1.7707
    3337       1.6272
    3338       1.5776
    3339       1.6114
    3340       1.7401
    3341       1.7473
    3342       1.8055
    3343       1.6226
    3344       1.7495
    3345       1.4920
    3346       1.7986
    3347       1.7628
    3348       1.7433
    3349       1.7981
    3350       1.8235
    3351       1.7761
    3352       1.9179
    3353       1.8631
    3354       1.6908
    3355       1.8759
    3356       1.8773
    3357       1.6578
    3358       1.9862
    3359       1.8283
    3360       1.8919
    3361       1.8766
    3362       1.8220
    3363       1.8676
    3364       1.8893
    3365       1.7961
    3366       1.8941
    3367       1.7182
    3368       1.9147
    3369       1.7137
    3370       1.6027
    3371       1.9563
    3372       1.8444
    3373       1.5823
    3374       1.6907
    3375       1.6322
    3376       1.7261
    3377       1.5638
    3378       1.6064
    3379       1.7185
    3380       1.5337
    3381       1.6582
    3382       1.5815
    3383       1.8176
    3384       1.9045
    3385       1.7774
    3386       1.7051
    3387       1.6934
    3388       1.5593
    3389       1.6069
    3390       1.6044
    3391       1.5625
    3392       1.6888
    3393       1.6756
    3394       1.5886
    3395       1.6747
    3396       1.5472
    3397       1.7143
    3398       1.5341
    3399       1.6230
    3400       1.6699
    3401       1.6371
    3402       1.7024
    3403       1.6306
    3404       1.7355
    3405       1.7595
    3406       1.8859
    3407       1.7433
    3408       1.8032
    3409       1.9179
    3410       2.2907
    3411       2.0945
    3412       1.9119
    3413       1.6559
    3414       1.6737
    3415       1.7040
    3416       1.8690
    3417       1.7155
    3418       1.8697
    3419       1.7909
    3420       1.6557
    3421       1.4887
    3422       1.6461
    3423       1.5594
    3424       1.5099
    3425       1.5938
    3426       1.9975
    3427       1.9320
    3428       1.6942
    3429       1.6664
    3430       1.6558
    3431       1.6244
    3432       1.5242
    3433       1.8235
    3434       1.6148
    3435       1.8861
    3436       1.8737
    3437       1.8217
    3438       1.6846
    3439       1.6197
    3440       1.6433
    3441       1.7957
    3442       1.8063
    3443       1.5653
    3444       1.6054
    3445       1.4170
    3446       1.6770
    3447       1.8332
    3448       1.8249
    3449       1.8315
    3450       1.7468
    3451       1.8012
    3452       1.8080
    3453       1.7083
    3454       1.7731
    3455       1.7794
    3456       1.7100
    3457       1.6750
    3458       1.8528
    3459       1.7423
    3460       1.7128
    3461       1.3955
    3462       1.6744
    3463       1.6539
    3464       1.8000
    3465       1.6643
    3466       1.6438
    3467       1.8986
    3468       1.7774
    3469       1.5961
    3470       1.6390
    3471       1.9571
    3472       1.8264
    3473       1.8785
    3474       1.9052
    3475       1.9210
    3476       2.2866
    3477       1.8653
    3478       1.9408
    3479       2.0499
    3480       1.6713
    3481       1.6897
    3482       1.6226
    3483       1.7028
    3484       1.6430
    3485       1.5349
    3486       1.6209
    3487       1.6546
    3488       1.7039
    3489       1.7880
    3490       1.8258
    3491       1.8816
    3492       1.7270
    3493       1.8281
    3494       1.6955
    3495       1.7337
    3496       1.8316
    3497       1.7992
    3498       1.6955
    3499       1.6415
    3500       1.6217
    3501       1.5976
    3502       1.8266
    3503       1.6693
    3504       1.6108
    3505       1.6607
    3506       1.7038
    3507       1.6900
    3508       1.6925
    3509       1.8694
    3510       1.6509
    3511       1.5952
    3512       1.7221
    3513       1.6941
    3514       1.9583
    3515       1.6617
    3516       1.6991
    3517       1.7551
    3518       1.8965
    3519       1.5795
    3520       1.7321
    3521       1.7174
    3522       1.6220
    3523       1.6275
    3524       1.6979
    3525       1.7660
    3526       1.6857
    3527       1.6045
    3528       1.6894
    3529       1.5631
    3530       1.8476
    3531       1.6376
    3532       1.6407
    3533       1.5178
    3534       1.7127
    3535       1.9882
    3536       1.7685
    3537       1.8704
    3538       1.6726
    3539       1.6580
    3540       1.7258
    3541       1.7259
    3542       1.8683
    3543       1.7916
    3544       1.5008
    3545       1.9711
    3546       1.8455
    3547       1.6484
    3548       1.7979
    3549       1.6036
    3550       1.5467
    3551       1.7506
    3552       1.5263
    3553       1.7517
    3554       1.8590
    3555       1.7266
    3556       1.7228
    3557       1.5561
    3558       1.7276
    3559       1.7737
    3560       1.7773
    3561       1.8082
    3562       2.0427
    3563       1.8891
    3564       1.6940
    3565       1.7872
    3566       1.5730
    3567       1.5171
    3568       1.6393
    3569       1.6049
    3570       1.8078
    3571       1.4639
    3572       1.5896
    3573       1.5919
    3574       1.5859
    3575       1.6987
    3576       1.7431
    3577       1.8133
    3578       1.8421
    3579       1.7126
    3580       1.9258
    3581       1.7906
    3582       1.7007
    3583       1.7146
    3584       1.7570
    3585       1.6088
    3586       1.6940
    3587       1.6496
    3588       1.4248
    3589       1.6915
    3590       1.6698
    3591       1.7412
    3592       1.7314
    3593       1.5756
    3594       1.7774
    3595       1.5956
    3596       1.5964
    3597       1.7089
    3598       1.5141
    3599       1.4466
    3600       1.6278
    3601       1.7281
    3602       1.7140
    3603       1.6650
    3604       1.6397
    3605       1.8262
    3606       1.7499
    3607       1.7128
    3608       1.6105
    3609       1.5576
    3610       1.7268
    3611       1.7671
    3612       1.9714
    3613       1.6068
    3614       1.4951
    3615       1.7048
    3616       1.8277
    3617       1.8440
    3618       1.7655
    3619       1.6713
    3620       1.8865
    3621       1.9828
    3622       1.7918
    3623       1.7157
    3624       1.4858
    3625       1.6473
    3626       1.5211
    3627       1.6758
    3628       1.5431
    3629       1.6098
    3630       1.6016
    3631       1.6711
    3632       1.5557
    3633       1.7851
    3634       1.8120
    3635       2.0406
    3636       1.7799
    3637       1.9319
    3638       2.0576
    3639       2.1316
    3640       2.0098
    3641       2.1685
    3642       1.8956
    3643       2.0697
    3644       1.7939
    3645       1.8663
    3646       1.6136
    3647       1.7754
    3648       1.9075
    3649       1.9813
    3650       1.9866
    3651       1.8843
    3652       1.8706
    3653       1.5646
    3654       1.6829
    3655       1.5585
    3656       1.6053
    3657       1.7551
    3658       1.6673
    3659       1.6016
    3660       1.6154
    3661       1.5616
    3662       1.5719
    3663       1.5787
    3664       1.5154
    3665       1.5394
    3666       1.6461
    3667       1.5179
    3668       1.6368
    3669       1.5080
    3670       1.7963
    3671       1.5540
    3672       1.5258
    3673       1.5908
    3674       1.5513
    3675       1.5913
    3676       1.5792
    3677       1.5849
    3678       1.5769
    3679       1.4972
    3680       1.5956
    3681       1.7437
    3682       1.6390
    3683       1.4755
    3684       1.4864
    3685       1.6470
    3686       1.5188
    3687       1.5255
    3688       1.6867
    3689       1.5723
    3690       1.4308
    3691       1.5374
    3692       1.6649
    3693       1.5293
    3694       1.6912
    3695       1.6146
    3696       1.8743
    3697       1.7492
    3698       1.7518
    3699       1.7516
    3700       1.6228
    3701       1.6747
    3702       1.6580
    3703       1.5747
    3704       1.6532
    3705       1.6886
    3706       1.5126
    3707       1.5956
    3708       1.5192
    3709       1.7099
    3710       1.5118
    3711       1.6319
    3712       1.5314
    3713       1.5305
    3714       1.4283
    3715       1.4798
    3716       1.7598
    3717       1.7266
    3718       1.6443
    3719       1.5600
    3720       1.6490
    3721       1.7374
    3722       1.6740
    3723       1.6970
    3724       1.6285
    3725       1.7926
    3726       1.6280
    3727       1.5688
    3728       1.5312
    3729       1.5726
    3730       1.6095
    3731       1.5091
    3732       1.5032
    3733       1.5415
    3734       1.5494
    3735       1.6676
    3736       1.7334
    3737       1.6023
    3738       1.6859
    3739       1.6343
    3740       1.4933
    3741       1.5815
    3742       1.7512
    3743       1.6652
    3744       1.5925
    3745       1.6913
    3746       1.7533
    3747       1.9383
    3748       1.8750
    3749       1.7731
    3750       1.7749
    3751       1.6011
    3752       1.8653
    3753       1.6385
    3754       1.8027
    3755       1.7317
    3756       1.7599
    3757       1.6437
    3758       1.6919
    3759       1.5667
    3760       1.7668
    3761       1.7794
    3762       1.8066
    3763       1.8957
    3764       1.6473
    3765       1.6972
    3766       1.4930
    3767       1.7382
    3768       1.6001
    3769       1.7156
    3770       1.7881
    3771       1.6155
    3772       1.6376
    3773       1.7384
    3774       1.7502
    3775       1.6305
    3776       1.6070
    3777       1.6727
    3778       1.6732
    3779       1.6984
    3780       1.6589
    3781       1.6124
    3782       1.6680
    3783       1.5063
    3784       1.7490
    3785       1.6867
    3786       1.6133
    3787       1.6958
    3788       1.7920
    3789       1.6457
    3790       1.7228
    3791       1.4410
    3792       1.5824
    3793       1.5275
    3794       1.5513
    3795       1.8005
    3796       1.7567
    3797       1.5963
    3798       1.7585
    3799       1.7463
    3800       1.6981
    3801       1.8136
    3802       1.6163
    3803       1.5475
    3804       1.6046
    3805       1.8367
    3806       1.7949
    3807       1.6424
    3808       1.6488
    3809       1.8911
    3810       1.8258
    3811       1.8507
    3812       1.6561
    3813       1.7726
    3814       1.8136
    3815       2.0042
    3816       1.9937
    3817       1.6345
    3818       1.6404
    3819       1.6836
    3820       1.8657
    3821       1.7966
    3822       1.8525
    3823       1.5356
    3824       1.7827
    3825       1.7237
    3826       1.7016
    3827       1.6131
    3828       1.6303
    3829       1.6619
    3830       1.8702
    3831       1.8409
    3832       1.8815
    3833       2.0578
    3834       1.9450
    3835       2.0194
    3836       1.9641
    3837       1.9892
    3838       1.7350
    3839       2.0030
    3840       1.5906
    3841       1.7261
    3842       1.7304
    3843       2.0705
    3844       1.7628
    3845       1.9155
    3846       1.8841
    3847       1.7121
    3848       1.8182
    3849       1.9000
    3850       1.8123
    3851       1.8223
    3852       1.9932
    3853       1.7165
    3854       1.7456
    3855       1.7222
    3856       1.9298
    3857       1.9265
    3858       1.7819
    3859       2.0925
    3860       1.7382
    3861       1.8699
    3862       1.9104
    3863       1.7759
    3864       2.0229
    3865       1.6394
    3866       1.7025
    3867       1.7147
    3868       1.6248
    3869       1.7484
    3870       1.9217
    3871       1.7525
    3872       2.0034
    3873       2.0626
    3874       1.9372
    3875       2.0310
    3876       2.0407
    3877       2.3731
    3878       1.6699
    3879       1.7092
    3880       1.9849
    3881       1.9667
    3882       1.8555
    3883       1.7541
    3884       1.9265
    3885       1.8916
    3886       2.0625
    3887       2.0113
    3888       2.0488
    3889       2.0178
    3890       1.6599
    3891       2.0656
    3892       1.9885
    3893       1.9566
    3894       1.8104
    3895       1.9308
    3896       1.9500
    3897       2.1986
    3898       1.8315
    3899       2.0482
    3900       1.8434
    3901       1.8849
    3902       2.1450
    3903       1.8995
    3904       1.8353
    3905       1.9507
    3906       2.0107
    3907       1.9197
    3908       1.7659
    3909       1.6531
    3910       1.7688
    3911       1.6510
    3912       1.7491
    3913       1.8528
    3914       1.7618
    3915       1.8556
    3916       1.6185
    3917       1.6660
    3918       1.7099
    3919       1.7442
    3920       1.7834
    3921       1.5906
    3922       1.5624
    3923       1.6271
    3924       1.7575
    3925       1.7227
    3926       1.7180
    3927       1.6904
    3928       1.6263
    3929       1.4651
    3930       1.3503
    3931       1.3929
    3932       1.6130
    3933       1.5495
    3934       1.7182
    3935       1.7225
    3936       1.8057
    3937       1.7310
    3938       1.8537
    3939       1.9501
    3940       1.5184
    3941       1.4598
    3942       1.3960
    3943       1.4405
    3944       1.8282
    3945       1.5645
    3946       1.5888
    3947       1.7252
    3948       1.5227
    3949       1.5125
    3950       1.6134
    3951       1.6247
    3952       1.6912
    3953       1.7374
    3954       1.6906
    3955       1.7540
    3956       1.6413
    3957       1.6801
    3958       1.6936
    3959       1.6652
    3960       1.7983
    3961       2.0180
    3962       1.7975
    3963       1.8025
    3964       1.7371
    3965       1.8349
    3966       1.7888
    3967       2.0279
    3968       1.8535
    3969       1.8941
    3970       1.5229
    3971       1.8455
    3972       1.9180
    3973       1.9355
    3974       1.8117
    3975       1.9810
    3976       1.7887
    3977       1.7886
    3978       1.7897
    3979       1.6180
    3980       1.5844
    3981       1.6746
    3982       1.8702
    3983       2.0091
    3984       1.9516
    3985       1.8130
    3986       1.7242
    3987       2.2785
    3988       1.8249
    3989       1.7576
    3990       1.6970
    3991       1.6257
    3992       1.7671
    3993       1.8183
    3994       1.6564
    3995       1.6479
    3996       1.7343
    3997       1.9713
    3998       1.8838
    3999       1.8290
    4000       1.9578
