#Frame         perres
       1       0.0000
       2       1.2751
       3       1.2026
       4       1.3527
       5       1.3434
       6       1.7459
       7       1.5965
       8       1.6106
       9       1.4905
      10       1.3399
      11       1.5576
      12       1.3909
      13       1.4074
      14       1.5786
      15       1.8449
      16       1.4367
      17       1.6224
      18       1.6130
      19       1.5220
      20       1.6683
      21       1.4873
      22       1.3931
      23       1.4936
      24       1.7700
      25       1.7184
      26       1.7676
      27       1.4654
      28       1.5535
      29       1.9001
      30       1.5455
      31       1.4594
      32       1.4478
      33       1.4424
      34       1.5916
      35       1.5422
      36       1.4802
      37       1.5597
      38       1.4784
      39       1.4948
      40       1.5663
      41       1.5201
      42       1.8350
      43       1.8077
      44       1.6316
      45       1.4221
      46       1.9895
      47       1.8975
      48       1.8591
      49       1.9101
      50       1.9405
      51       1.7934
      52       1.8683
      53       1.8039
      54       1.6053
      55       1.7314
      56       1.6240
      57       1.4751
      58       1.5223
      59       1.5832
      60       1.5106
      61       1.4887
      62       1.6112
      63       1.5992
      64       1.5725
      65       1.5206
      66       1.6067
      67       1.7650
      68       1.9598
      69       1.7960
      70       1.8844
      71       1.7165
      72       1.5806
      73       1.6244
      74       1.8003
      75       1.5601
      76       1.6441
      77       1.7755
      78       1.9544
      79       1.7844
      80       1.7513
      81       1.6822
      82       1.7044
      83       1.7654
      84       1.7170
      85       1.6831
      86       1.7861
      87       1.7843
      88       1.8660
      89       1.6972
      90       1.9742
      91       1.9652
      92       1.7056
      93       1.7284
      94       1.7068
      95       1.8152
      96       1.6656
      97       1.7784
      98       1.7245
      99       1.8088
     100       1.8460
     101       1.6428
     102       1.7099
     103       1.9320
     104       1.8060
     105       1.8630
     106       1.8771
     107       1.7245
     108       1.6882
     109       1.7981
     110       1.7205
     111       1.7497
     112       1.7766
     113       1.7536
     114       1.6555
     115       1.7274
     116       1.7942
     117       1.8590
     118       1.7686
     119       1.7682
     120       1.7310
     121       1.7833
     122       1.8257
     123       1.7463
     124       1.9139
     125       1.8334
     126       1.9587
     127       2.0358
     128       1.8905
     129       1.8135
     130       1.6821
     131       1.7029
     132       1.9813
     133       1.8740
     134       2.0917
     135       1.9213
     136       1.9573
     137       1.7907
     138       1.8042
     139       1.8585
     140       1.7450
     141       1.8103
     142       1.7223
     143       1.7924
     144       1.9271
     145       1.7086
     146       1.9884
     147       1.8543
     148       1.7846
     149       1.8889
     150       2.0698
     151       1.9929
     152       2.1446
     153       2.3334
     154       2.1221
     155       2.1398
     156       2.3030
     157       2.3749
     158       2.2390
     159       1.9691
     160       1.9878
     161       1.8440
     162       2.0198
     163       1.9101
     164       1.8667
     165       1.9044
     166       2.0628
     167       1.9221
     168       1.7227
     169       2.0627
     170       2.2532
     171       2.3102
     172       2.2538
     173       1.9519
     174       1.7063
     175       1.8582
     176       2.0665
     177       1.9895
     178       2.0183
     179       1.9242
     180       1.8155
     181       1.8784
     182       1.9972
     183       1.9911
     184       2.0307
     185       2.0018
     186       2.1179
     187       2.2405
     188       2.0583
     189       1.7836
     190       1.8476
     191       1.9876
     192       2.1167
     193       2.0160
     194       2.1363
     195       2.0298
     196       2.0743
     197       2.1064
     198       2.2997
     199       2.1497
     200       2.2693
     201       2.0896
     202       2.0429
     203       2.1887
     204       2.2411
     205       1.9866
     206       1.7515
     207       1.6594
     208       1.7632
     209       1.8080
     210       1.8052
     211       1.7394
     212       1.7307
     213       1.7989
     214       1.8155
     215       1.7873
     216       1.8491
     217       1.9129
     218       2.0419
     219       1.8606
     220       1.9272
     221       1.8263
     222       1.7256
     223       1.7374
     224       1.6988
     225       1.8626
     226       1.8505
     227       1.9026
     228       1.6768
     229       1.7862
     230       1.8373
     231       1.5977
     232       1.6120
     233       1.7352
     234       1.7764
     235       1.6736
     236       1.7390
     237       1.7206
     238       1.7246
     239       1.7416
     240       1.7860
     241       1.6745
     242       1.6803
     243       1.6829
     244       1.6822
     245       1.7311
     246       1.6339
     247       1.6951
     248       1.7409
     249       1.8218
     250       1.9628
     251       1.8201
     252       1.7733
     253       1.7350
     254       1.9786
     255       1.8869
     256       1.7102
     257       1.6845
     258       1.6587
     259       1.6872
     260       1.9640
     261       1.7997
     262       1.8927
     263       1.7145
     264       1.7812
     265       1.8879
     266       1.7111
     267       1.6437
     268       1.6322
     269       1.7932
     270       1.6622
     271       1.7258
     272       1.7091
     273       1.6433
     274       1.7515
     275       1.8658
     276       1.8327
     277       1.8247
     278       2.0169
     279       1.8711
     280       1.7731
     281       1.8450
     282       2.1750
     283       2.1853
     284       1.9515
     285       1.8883
     286       1.7530
     287       1.7076
     288       1.7846
     289       1.9416
     290       1.7596
     291       1.6593
     292       1.7522
     293       1.7252
     294       1.7375
     295       1.8639
     296       1.8356
     297       1.9679
     298       2.0696
     299       1.8415
     300       1.8697
     301       1.7552
     302       1.8752
     303       1.7141
     304       1.7853
     305       1.7974
     306       1.8126
     307       1.8786
     308       1.7850
     309       1.6901
     310       1.7279
     311       1.8293
     312       1.8474
     313       1.9512
     314       2.0692
     315       2.2418
     316       1.7613
     317       1.9591
     318       1.8857
     319       1.8639
     320       2.0064
     321       1.8399
     322       1.9503
     323       1.8677
     324       2.0087
     325       1.9761
     326       1.7936
     327       1.9759
     328       1.8980
     329       1.9566
     330       1.9492
     331       1.7718
     332       1.8716
     333       1.9022
     334       1.9726
     335       1.8401
     336       1.8291
     337       1.9632
     338       1.9185
     339       1.8550
     340       2.0082
     341       1.8522
     342       1.8534
     343       1.8324
     344       1.8015
     345       1.8785
     346       1.8695
     347       1.9279
     348       1.9864
     349       1.9315
     350       1.9231
     351       1.8185
     352       1.8880
     353       1.9436
     354       2.1056
     355       2.2770
     356       2.0078
     357       2.2439
     358       2.2312
     359       2.3045
     360       2.0798
     361       1.8537
     362       1.7568
     363       1.8018
     364       1.7487
     365       1.7491
     366       1.7804
     367       1.8828
     368       1.8100
     369       2.0669
     370       2.0741
     371       1.8179
     372       1.7628
     373       1.9367
     374       1.8023
     375       1.8817
     376       1.8474
     377       1.9625
     378       1.8705
     379       2.0407
     380       2.0569
     381       2.1560
     382       2.0515
     383       2.0718
     384       2.1137
     385       2.0207
     386       2.0913
     387       2.0938
     388       1.8810
     389       2.0201
     390       1.9813
     391       1.9141
     392       1.9927
     393       1.8784
     394       1.9563
     395       1.9144
     396       1.9461
     397       1.8893
     398       1.9548
     399       1.9791
     400       1.9109
     401       1.8297
     402       1.8451
     403       1.9818
     404       1.9230
     405       1.9388
     406       1.8106
     407       1.8324
     408       2.0131
     409       2.0216
     410       2.0437
     411       1.8972
     412       1.8590
     413       1.8650
     414       1.7923
     415       1.7641
     416       1.7937
     417       1.8600
     418       2.0614
     419       1.8816
     420       1.7299
     421       1.9914
     422       1.9513
     423       2.1597
     424       2.0121
     425       2.0019
     426       1.8089
     427       2.0494
     428       2.1313
     429       1.9073
     430       2.1771
     431       2.0193
     432       1.9467
     433       1.9950
     434       2.1736
     435       2.1505
     436       2.1702
     437       2.2317
     438       2.0141
     439       1.9651
     440       1.9698
     441       1.9253
     442       1.8688
     443       1.8049
     444       1.9564
     445       1.9224
     446       1.8701
     447       1.9972
     448       1.7864
     449       1.8824
     450       1.8850
     451       2.1418
     452       2.0518
     453       1.9932
     454       1.9781
     455       2.0926
     456       1.9872
     457       2.0699
     458       2.0622
     459       2.0246
     460       2.5196
     461       2.1121
     462       1.9902
     463       2.1705
     464       2.3851
     465       2.1516
     466       2.4573
     467       2.1872
     468       2.0206
     469       2.2297
     470       2.1370
     471       2.2666
     472       2.1409
     473       2.3084
     474       2.3390
     475       2.0149
     476       2.1147
     477       2.0048
     478       1.9432
     479       1.9511
     480       2.0020
     481       2.0988
     482       2.0994
     483       1.9265
     484       1.9633
     485       2.0833
     486       1.8919
     487       2.1588
     488       2.3348
     489       2.4917
     490       2.3178
     491       2.4002
     492       2.2614
     493       2.1048
     494       2.1496
     495       2.0440
     496       2.1025
     497       1.9643
     498       2.0451
     499       2.0926
     500       2.0757
     501       2.1355
     502       1.9821
     503       2.1448
     504       2.1809
     505       2.1057
     506       2.1364
     507       2.1594
     508       2.2997
     509       2.3057
     510       2.0974
     511       2.2883
     512       2.2721
     513       2.0990
     514       1.9974
     515       2.0757
     516       2.0717
     517       1.9247
     518       1.9355
     519       1.8699
     520       1.8789
     521       1.8423
     522       1.8628
     523       1.9702
     524       2.0888
     525       1.9473
     526       1.8495
     527       1.9046
     528       1.9375
     529       2.0004
     530       2.0129
     531       2.0401
     532       2.0111
     533       2.1061
     534       2.0476
     535       1.9801
     536       1.9323
     537       2.1010
     538       2.0966
     539       1.8866
     540       1.9470
     541       1.8804
     542       1.9212
     543       2.0338
     544       2.0699
     545       2.0218
     546       2.0151
     547       2.1020
     548       1.9687
     549       1.9837
     550       2.0822
     551       2.2043
     552       2.0089
     553       2.0259
     554       1.9767
     555       2.0570
     556       2.0591
     557       2.2402
     558       2.2945
     559       2.0096
     560       2.0844
     561       2.0054
     562       1.9825
     563       2.1248
     564       1.9560
     565       2.0176
     566       1.9869
     567       1.7688
     568       2.0202
     569       1.8359
     570       1.7941
     571       1.9324
     572       1.8008
     573       1.8552
     574       1.9998
     575       1.9837
     576       1.8820
     577       1.8454
     578       1.9449
     579       1.8969
     580       1.8858
     581       1.9231
     582       1.9833
     583       1.9771
     584       1.8502
     585       1.9458
     586       1.7993
     587       1.8601
     588       1.8366
     589       2.0719
     590       1.9056
     591       2.0503
     592       2.1530
     593       1.9970
     594       2.0758
     595       1.7983
     596       1.8972
     597       1.9211
     598       1.9729
     599       1.8915
     600       1.9654
     601       2.0097
     602       2.0969
     603       1.9569
     604       1.9602
     605       2.0681
     606       2.1178
     607       2.0456
     608       1.8658
     609       1.9973
     610       1.9131
     611       2.0365
     612       2.0747
     613       2.0786
     614       2.0762
     615       2.1748
     616       1.9553
     617       2.0405
     618       1.8515
     619       2.2306
     620       2.0809
     621       2.2460
     622       2.1241
     623       2.0474
     624       2.0931
     625       1.9582
     626       1.9447
     627       1.9975
     628       1.9911
     629       2.0056
     630       1.9119
     631       2.0891
     632       2.1167
     633       2.1026
     634       1.9761
     635       1.9629
     636       2.0076
     637       1.9847
     638       2.0453
     639       2.0517
     640       1.9131
     641       2.0654
     642       2.2160
     643       2.2846
     644       2.0671
     645       2.0106
     646       2.2386
     647       2.0989
     648       1.9659
     649       2.0192
     650       1.9375
     651       2.2308
     652       2.0482
     653       2.2311
     654       2.1759
     655       2.0632
     656       2.0422
     657       1.9620
     658       1.9330
     659       1.9342
     660       2.1240
     661       1.8682
     662       1.9449
     663       1.9515
     664       2.1804
     665       2.1101
     666       2.1482
     667       2.1060
     668       1.9767
     669       2.1625
     670       2.0859
     671       2.0104
     672       2.0368
     673       2.1701
     674       2.1551
     675       2.0308
     676       2.1228
     677       2.0699
     678       2.1316
     679       2.1256
     680       2.0100
     681       1.9200
     682       2.0200
     683       1.9885
     684       1.7600
     685       1.9357
     686       1.9387
     687       1.9489
     688       2.1135
     689       1.9519
     690       2.0599
     691       1.9345
     692       2.0634
     693       2.0289
     694       2.1676
     695       2.0667
     696       2.0904
     697       2.0452
     698       2.1769
     699       2.0188
     700       1.8884
     701       1.8014
     702       1.8762
     703       1.8853
     704       1.9320
     705       2.0217
     706       1.8142
     707       1.9013
     708       1.9188
     709       1.8847
     710       1.9332
     711       1.8594
     712       1.8610
     713       1.8939
     714       1.8742
     715       1.7819
     716       1.9266
     717       1.9871
     718       1.9201
     719       1.8940
     720       1.9442
     721       1.8701
     722       1.7620
     723       1.8491
     724       1.8105
     725       1.8222
     726       1.8982
     727       1.9369
     728       1.9104
     729       1.8239
     730       1.9546
     731       1.9095
     732       2.0176
     733       2.0908
     734       2.0237
     735       1.8468
     736       1.8960
     737       1.8161
     738       2.2509
     739       1.9940
     740       2.2839
     741       2.4693
     742       2.2649
     743       2.2098
     744       2.0685
     745       1.8340
     746       1.9044
     747       2.0167
     748       1.9525
     749       1.9621
     750       2.0104
     751       1.9803
     752       2.0367
     753       1.9255
     754       2.1075
     755       2.0068
     756       2.0230
     757       1.8843
     758       2.0383
     759       1.9810
     760       2.1648
     761       2.1315
     762       2.1852
     763       2.1450
     764       2.2785
     765       2.0160
     766       2.0553
     767       2.1039
     768       1.8957
     769       1.9073
     770       2.1105
     771       2.1294
     772       2.2448
     773       2.0903
     774       1.9599
     775       1.9659
     776       1.9567
     777       1.8178
     778       1.9049
     779       1.8635
     780       1.8505
     781       1.9379
     782       2.0046
     783       1.9575
     784       1.8687
     785       2.0047
     786       1.9810
     787       2.1489
     788       2.0313
     789       2.0345
     790       2.0220
     791       2.0030
     792       1.9688
     793       1.9837
     794       2.0138
     795       2.1145
     796       2.1829
     797       2.3096
     798       1.9709
     799       2.1173
     800       1.9841
     801       2.1717
     802       1.8782
     803       1.9480
     804       2.0609
     805       1.9777
     806       1.9173
     807       1.9544
     808       2.0343
     809       2.0022
     810       1.9549
     811       1.9801
     812       1.8547
     813       1.9009
     814       1.9483
     815       1.8713
     816       1.8527
     817       1.8689
     818       1.9324
     819       1.8377
     820       1.8014
     821       1.7716
     822       1.9412
     823       1.8371
     824       1.8061
     825       1.7953
     826       1.8836
     827       1.8435
     828       1.9474
     829       2.1090
     830       1.9403
     831       2.1231
     832       2.1509
     833       2.0803
     834       2.0138
     835       1.9676
     836       2.3408
     837       2.2437
     838       2.0492
     839       1.9097
     840       1.9260
     841       2.0237
     842       2.1598
     843       2.0084
     844       2.0211
     845       1.9352
     846       2.1086
     847       2.0287
     848       2.0580
     849       2.3899
     850       2.3638
     851       2.3609
     852       2.0756
     853       1.9364
     854       1.8743
     855       2.0330
     856       2.1808
     857       2.1772
     858       1.9969
     859       2.0441
     860       2.0844
     861       2.1294
     862       2.2901
     863       2.3833
     864       2.1350
     865       2.2382
     866       2.1266
     867       2.1780
     868       2.4931
     869       2.1841
     870       2.3592
     871       1.9901
     872       2.0839
     873       1.9702
     874       2.1423
     875       2.2100
     876       2.1580
     877       1.9332
     878       2.1731
     879       2.1725
     880       2.5991
     881       2.3574
     882       2.1410
     883       2.1808
     884       2.1675
     885       2.0298
     886       2.0349
     887       2.0278
     888       1.9131
     889       2.1164
     890       2.1148
     891       1.9854
     892       2.0712
     893       1.9207
     894       2.1300
     895       2.0579
     896       1.9394
     897       1.8749
     898       1.9872
     899       1.9031
     900       1.7984
     901       1.8135
     902       1.9184
     903       1.8441
     904       1.9826
     905       1.8609
     906       1.8486
     907       1.7763
     908       1.7861
     909       1.9108
     910       1.8609
     911       1.9314
     912       1.7913
     913       1.7352
     914       1.7540
     915       1.7825
     916       1.6589
     917       1.8439
     918       1.7205
     919       1.8570
     920       2.0374
     921       1.9493
     922       1.8009
     923       2.0856
     924       2.1709
     925       1.9947
     926       1.7977
     927       1.9235
     928       2.1400
     929       2.2890
     930       1.8730
     931       2.1340
     932       2.0505
     933       2.1507
     934       1.8499
     935       1.8268
     936       1.9089
     937       1.8771
     938       1.9640
     939       1.8300
     940       1.7792
     941       1.8423
     942       1.7942
     943       1.9015
     944       1.8069
     945       1.7739
     946       1.7910
     947       1.7799
     948       1.7200
     949       1.8050
     950       1.8948
     951       1.8104
     952       1.8635
     953       1.9178
     954       1.9146
     955       1.9670
     956       1.9076
     957       2.0308
     958       2.0642
     959       2.3481
     960       2.1783
     961       2.0027
     962       2.1685
     963       2.0991
     964       1.9572
     965       2.2906
     966       2.2384
     967       2.0033
     968       2.0120
     969       2.0501
     970       1.8552
     971       2.0434
     972       2.0581
     973       1.9535
     974       2.0053
     975       1.8975
     976       2.0354
     977       2.0360
     978       1.9918
     979       1.9483
     980       1.8637
     981       1.9169
     982       2.0980
     983       2.2878
     984       2.0293
     985       2.0705
     986       2.0477
     987       2.1214
     988       2.4020
     989       2.1357
     990       2.1955
     991       2.1362
     992       2.0421
     993       2.0552
     994       2.4244
     995       2.3526
     996       2.3186
     997       1.9815
     998       2.0156
     999       2.0215
    1000       2.0205
    1001       2.1260
    1002       2.1411
    1003       2.0211
    1004       1.9875
    1005       2.0204
    1006       2.0480
    1007       1.9373
    1008       1.7729
    1009       1.9492
    1010       1.8659
    1011       1.9547
    1012       2.0976
    1013       2.1155
    1014       1.8815
    1015       1.8510
    1016       1.9067
    1017       1.9096
    1018       1.9983
    1019       1.8279
    1020       2.0734
    1021       1.9688
    1022       2.1811
    1023       1.9957
    1024       1.8807
    1025       2.0700
    1026       2.2126
    1027       2.0466
    1028       1.8963
    1029       1.9832
    1030       1.8385
    1031       1.9448
    1032       1.8693
    1033       1.8134
    1034       1.8900
    1035       1.8549
    1036       2.2978
    1037       2.3939
    1038       2.2826
    1039       2.4564
    1040       2.3459
    1041       2.3590
    1042       2.3448
    1043       2.5772
    1044       2.2450
    1045       2.0950
    1046       2.1889
    1047       2.2877
    1048       2.0573
    1049       2.1853
    1050       2.2262
    1051       2.1735
    1052       2.1400
    1053       2.3771
    1054       2.2868
    1055       2.1448
    1056       2.3256
    1057       2.2405
    1058       2.0461
    1059       2.2653
    1060       2.2543
    1061       2.0569
    1062       2.0158
    1063       2.0929
    1064       1.9508
    1065       1.9518
    1066       2.1133
    1067       2.0037
    1068       1.9727
    1069       2.5773
    1070       2.4860
    1071       2.1265
    1072       1.9178
    1073       1.9126
    1074       2.2086
    1075       2.5431
    1076       2.3171
    1077       2.5519
    1078       2.1641
    1079       2.0516
    1080       2.2962
    1081       2.2817
    1082       2.1658
    1083       2.2793
    1084       2.3046
    1085       2.2288
    1086       2.4648
    1087       2.5738
    1088       2.4221
    1089       2.3660
    1090       2.1877
    1091       2.4085
    1092       2.1194
    1093       2.0502
    1094       2.4202
    1095       2.2631
    1096       2.1635
    1097       2.0611
    1098       2.0712
    1099       2.2492
    1100       1.9712
    1101       2.3959
    1102       2.0403
    1103       2.1066
    1104       2.3117
    1105       2.3041
    1106       2.1018
    1107       2.1677
    1108       2.3366
    1109       2.6250
    1110       2.4092
    1111       2.9027
    1112       2.6778
    1113       2.4599
    1114       2.5016
    1115       2.2748
    1116       2.1062
    1117       2.1073
    1118       2.2064
    1119       2.0852
    1120       2.0309
    1121       1.8829
    1122       1.8308
    1123       1.9501
    1124       2.0698
    1125       2.5362
    1126       2.2493
    1127       2.0976
    1128       1.9362
    1129       2.0763
    1130       2.0925
    1131       2.0955
    1132       2.0680
    1133       2.0903
    1134       2.0246
    1135       2.0049
    1136       2.0371
    1137       2.0863
    1138       2.2012
    1139       2.1160
    1140       2.4884
    1141       2.2895
    1142       2.1310
    1143       2.0303
    1144       2.1109
    1145       2.2239
    1146       2.1917
    1147       2.0579
    1148       2.0327
    1149       2.1380
    1150       1.9503
    1151       2.1029
    1152       1.8773
    1153       2.0321
    1154       1.9193
    1155       1.8214
    1156       1.9188
    1157       2.0349
    1158       1.9294
    1159       1.9368
    1160       1.8234
    1161       1.9394
    1162       1.9201
    1163       2.1123
    1164       2.0478
    1165       2.0924
    1166       2.0789
    1167       2.0577
    1168       2.1828
    1169       2.2261
    1170       2.0901
    1171       2.1581
    1172       2.1328
    1173       2.0851
    1174       1.9844
    1175       1.8927
    1176       1.9833
    1177       2.0303
    1178       2.1268
    1179       2.0548
    1180       2.0281
    1181       2.0408
    1182       1.9363
    1183       1.8670
    1184       1.9397
    1185       1.9230
    1186       1.8986
    1187       1.8547
    1188       1.9206
    1189       2.1134
    1190       1.8941
    1191       1.9504
    1192       1.9483
    1193       1.9006
    1194       1.9667
    1195       1.8815
    1196       2.0202
    1197       2.0724
    1198       1.8309
    1199       1.9313
    1200       1.9869
    1201       1.8930
    1202       1.9886
    1203       1.8706
    1204       1.9878
    1205       1.9499
    1206       1.8641
    1207       1.8682
    1208       1.8409
    1209       2.0036
    1210       1.9795
    1211       1.9949
    1212       1.8197
    1213       1.9537
    1214       1.8194
    1215       1.9144
    1216       1.9148
    1217       1.8771
    1218       2.0028
    1219       1.9103
    1220       1.7959
    1221       1.9238
    1222       1.7529
    1223       1.9378
    1224       1.7845
    1225       1.9287
    1226       1.9536
    1227       1.9090
    1228       1.9300
    1229       2.0592
    1230       1.9654
    1231       1.8715
    1232       1.8539
    1233       1.9457
    1234       1.9613
    1235       1.9883
    1236       1.9918
    1237       1.8786
    1238       1.9230
    1239       1.9163
    1240       1.9062
    1241       1.9957
    1242       1.9483
    1243       1.9221
    1244       1.8487
    1245       1.8903
    1246       1.9938
    1247       1.9808
    1248       1.9461
    1249       1.9288
    1250       1.8982
    1251       1.8615
    1252       2.0030
    1253       2.2338
    1254       2.0594
    1255       2.0372
    1256       2.0424
    1257       2.2238
    1258       2.2387
    1259       2.0148
    1260       2.0450
    1261       1.9478
    1262       2.0490
    1263       2.0165
    1264       2.0843
    1265       2.0387
    1266       1.7698
    1267       1.8521
    1268       1.8279
    1269       1.7607
    1270       1.7273
    1271       1.7492
    1272       2.0039
    1273       1.9709
    1274       1.9600
    1275       1.8910
    1276       1.8365
    1277       1.7982
    1278       1.8412
    1279       1.8664
    1280       1.8945
    1281       1.8910
    1282       1.7963
    1283       1.8323
    1284       1.8037
    1285       1.9129
    1286       1.7689
    1287       1.8353
    1288       1.8958
    1289       1.8353
    1290       1.8413
    1291       1.8406
    1292       1.7460
    1293       1.7530
    1294       1.7083
    1295       1.7435
    1296       1.7409
    1297       1.8328
    1298       1.8051
    1299       1.7991
    1300       1.7756
    1301       1.7902
    1302       1.9104
    1303       1.8228
    1304       1.9035
    1305       1.8745
    1306       1.8940
    1307       1.8879
    1308       1.9573
    1309       2.1071
    1310       2.0050
    1311       1.9088
    1312       1.9964
    1313       1.8631
    1314       1.7912
    1315       1.8647
    1316       2.0122
    1317       2.0165
    1318       2.1231
    1319       2.0129
    1320       1.9279
    1321       1.9994
    1322       1.8427
    1323       1.8214
    1324       1.9610
    1325       1.9952
    1326       2.0418
    1327       1.8908
    1328       1.7868
    1329       1.8348
    1330       1.8139
    1331       1.8241
    1332       2.0883
    1333       1.9943
    1334       1.8957
    1335       1.8878
    1336       1.9415
    1337       1.9113
    1338       1.9275
    1339       1.9396
    1340       1.9563
    1341       1.9553
    1342       1.8417
    1343       1.8248
    1344       1.8938
    1345       1.8708
    1346       2.1134
    1347       1.9044
    1348       1.8762
    1349       1.9055
    1350       1.9230
    1351       1.7741
    1352       1.9301
    1353       1.8007
    1354       1.8705
    1355       1.8002
    1356       1.8666
    1357       1.8924
    1358       2.0082
    1359       2.1588
    1360       2.0343
    1361       2.2335
    1362       2.1560
    1363       2.0413
    1364       2.3367
    1365       2.1652
    1366       2.3751
    1367       2.0010
    1368       2.0040
    1369       1.8660
    1370       1.9279
    1371       1.8739
    1372       1.7291
    1373       1.8866
    1374       1.9206
    1375       1.9875
    1376       2.1005
    1377       1.8421
    1378       1.8393
    1379       1.7976
    1380       1.8735
    1381       1.8307
    1382       1.8233
    1383       1.8528
    1384       1.9398
    1385       1.9848
    1386       1.9248
    1387       2.1511
    1388       1.8917
    1389       2.0109
    1390       2.1195
    1391       1.9463
    1392       1.9139
    1393       1.8522
    1394       1.8880
    1395       1.9933
    1396       1.9256
    1397       2.0032
    1398       1.8897
    1399       2.2912
    1400       2.0219
    1401       2.0664
    1402       2.2916
    1403       2.2097
    1404       2.1647
    1405       1.9384
    1406       1.8427
    1407       1.9529
    1408       1.9252
    1409       1.9424
    1410       2.1109
    1411       2.0879
    1412       2.1951
    1413       2.3955
    1414       2.1567
    1415       2.1032
    1416       2.0637
    1417       2.4102
    1418       2.2691
    1419       2.4838
    1420       2.2389
    1421       2.1627
    1422       2.1048
    1423       2.0140
    1424       1.8867
    1425       1.9205
    1426       1.9665
    1427       2.0273
    1428       2.0801
    1429       1.9349
    1430       1.8053
    1431       1.8802
    1432       1.9032
    1433       1.8024
    1434       1.7101
    1435       1.7579
    1436       1.7411
    1437       1.7488
    1438       1.8474
    1439       1.9218
    1440       2.1268
    1441       2.2396
    1442       2.1901
    1443       1.9448
    1444       2.0151
    1445       1.9006
    1446       2.0118
    1447       2.0668
    1448       1.8522
    1449       1.7624
    1450       2.0315
    1451       2.1772
    1452       2.2890
    1453       1.9054
    1454       1.7490
    1455       2.0152
    1456       1.9059
    1457       1.9941
    1458       2.1070
    1459       1.8342
    1460       1.9176
    1461       2.0567
    1462       1.8494
    1463       2.0284
    1464       2.0617
    1465       2.2799
    1466       2.2436
    1467       2.3364
    1468       2.3526
    1469       2.2133
    1470       2.0855
    1471       2.2293
    1472       2.1325
    1473       2.1189
    1474       2.0596
    1475       1.9989
    1476       1.9916
    1477       2.1225
    1478       1.9920
    1479       1.8697
    1480       1.9718
    1481       1.8642
    1482       1.8918
    1483       1.8296
    1484       1.8273
    1485       1.7539
    1486       1.7889
    1487       1.8926
    1488       1.9229
    1489       2.0376
    1490       2.0035
    1491       2.1623
    1492       2.0329
    1493       2.1010
    1494       1.9002
    1495       1.9646
    1496       2.0557
    1497       1.9407
    1498       2.0985
    1499       1.9584
    1500       1.9285
    1501       1.8339
    1502       1.8157
    1503       2.0877
    1504       1.9559
    1505       2.0593
    1506       2.0488
    1507       2.0127
    1508       1.9735
    1509       1.9666
    1510       1.8919
    1511       1.9085
    1512       1.9535
    1513       1.9783
    1514       2.0076
    1515       2.0377
    1516       2.0986
    1517       2.4065
    1518       2.2938
    1519       2.2978
    1520       2.0200
    1521       2.1962
    1522       2.0359
    1523       2.2035
    1524       2.4024
    1525       2.2451
    1526       2.1558
    1527       1.9522
    1528       2.1079
    1529       2.1468
    1530       2.0746
    1531       2.0216
    1532       2.0699
    1533       2.1235
    1534       2.0707
    1535       2.0898
    1536       1.9865
    1537       2.1251
    1538       2.2004
    1539       2.0418
    1540       2.0381
    1541       2.0790
    1542       2.1729
    1543       2.1010
    1544       2.1870
    1545       2.0949
    1546       2.0521
    1547       2.1234
    1548       1.9514
    1549       2.0878
    1550       2.0500
    1551       2.0571
    1552       2.3431
    1553       2.0823
    1554       2.0317
    1555       2.0478
    1556       2.0053
    1557       2.0552
    1558       2.1936
    1559       2.0915
    1560       2.1317
    1561       1.8982
    1562       2.0619
    1563       2.0449
    1564       1.9089
    1565       2.1588
    1566       2.1475
    1567       2.1311
    1568       2.0742
    1569       1.9306
    1570       2.1221
    1571       1.9724
    1572       1.9531
    1573       1.9509
    1574       1.9882
    1575       1.9948
    1576       1.9032
    1577       1.8987
    1578       1.9917
    1579       1.8938
    1580       1.8898
    1581       1.9990
    1582       2.0904
    1583       1.9780
    1584       1.9101
    1585       1.9530
    1586       2.0092
    1587       1.9345
    1588       1.9467
    1589       1.8979
    1590       2.0079
    1591       1.8988
    1592       1.9033
    1593       1.9856
    1594       2.0355
    1595       2.0432
    1596       2.0486
    1597       2.0076
    1598       1.9806
    1599       2.1180
    1600       2.0678
    1601       1.9484
    1602       1.9939
    1603       2.0262
    1604       2.1630
    1605       2.1427
    1606       2.2411
    1607       2.2715
    1608       2.3514
    1609       2.0036
    1610       1.9795
    1611       1.9807
    1612       2.0343
    1613       2.0275
    1614       2.0558
    1615       2.0113
    1616       2.0906
    1617       2.0183
    1618       2.0407
    1619       1.9715
    1620       1.9288
    1621       2.0259
    1622       1.9268
    1623       1.9132
    1624       2.0050
    1625       1.9403
    1626       1.9618
    1627       1.9253
    1628       1.8911
    1629       1.9519
    1630       2.0718
    1631       1.9586
    1632       2.1123
    1633       2.2007
    1634       1.9781
    1635       2.0273
    1636       1.9362
    1637       1.9823
    1638       1.9288
    1639       2.1689
    1640       1.8787
    1641       1.8944
    1642       1.9700
    1643       2.1037
    1644       2.0240
    1645       1.9930
    1646       2.1771
    1647       2.0854
    1648       2.3092
    1649       2.5262
    1650       2.2333
    1651       2.0833
    1652       2.5085
    1653       2.4212
    1654       2.1904
    1655       1.9690
    1656       1.9951
    1657       1.9753
    1658       1.9969
    1659       2.0050
    1660       2.0893
    1661       1.9571
    1662       1.9249
    1663       1.9793
    1664       1.9302
    1665       1.9753
    1666       1.9706
    1667       1.9095
    1668       1.9568
    1669       1.8508
    1670       1.9368
    1671       1.9380
    1672       1.9698
    1673       2.0030
    1674       1.9604
    1675       1.9622
    1676       1.9234
    1677       2.0062
    1678       2.0207
    1679       1.9980
    1680       1.9647
    1681       1.9221
    1682       2.0598
    1683       1.9672
    1684       1.9429
    1685       1.9491
    1686       1.9799
    1687       2.0125
    1688       2.1644
    1689       2.1073
    1690       2.0706
    1691       2.2035
    1692       2.2370
    1693       2.1758
    1694       1.9062
    1695       2.0129
    1696       1.9599
    1697       1.9383
    1698       2.0436
    1699       1.9736
    1700       1.9209
    1701       2.0427
    1702       2.1625
    1703       2.0740
    1704       2.2118
    1705       2.0631
    1706       1.9948
    1707       1.9738
    1708       2.3549
    1709       2.4874
    1710       2.3399
    1711       2.3054
    1712       2.2796
    1713       2.3135
    1714       2.6512
    1715       2.8767
    1716       2.7350
    1717       2.7147
    1718       2.6293
    1719       2.4354
    1720       2.3440
    1721       2.1198
    1722       2.1021
    1723       2.4698
    1724       2.2569
    1725       2.1856
    1726       2.0871
    1727       2.2314
    1728       2.1949
    1729       2.1007
    1730       1.9819
    1731       1.9842
    1732       1.9051
    1733       2.2212
    1734       2.5289
    1735       2.7559
    1736       2.3437
    1737       2.2285
    1738       2.1149
    1739       2.0680
    1740       2.0016
    1741       1.8837
    1742       2.0975
    1743       2.0358
    1744       2.3125
    1745       2.3715
    1746       2.1034
    1747       1.8809
    1748       1.8933
    1749       2.0396
    1750       1.8799
    1751       1.9294
    1752       1.9438
    1753       1.9866
    1754       2.1159
    1755       2.2974
    1756       1.9910
    1757       2.1470
    1758       2.0207
    1759       1.9831
    1760       2.0304
    1761       1.9377
    1762       1.9884
    1763       2.1505
    1764       1.9710
    1765       1.9945
    1766       1.9531
    1767       1.9342
    1768       1.9226
    1769       2.1108
    1770       2.0202
    1771       2.1834
    1772       2.1176
    1773       2.1823
    1774       2.2196
    1775       2.0357
    1776       1.9722
    1777       2.1022
    1778       1.8665
    1779       1.8728
    1780       1.8670
    1781       1.8873
    1782       1.9079
    1783       2.1122
    1784       1.8606
    1785       2.0603
    1786       1.9139
    1787       1.9773
    1788       1.9913
    1789       1.8921
    1790       2.0705
    1791       2.3361
    1792       2.3458
    1793       2.2615
    1794       2.1891
    1795       2.1750
    1796       2.2855
    1797       2.5688
    1798       2.4970
    1799       2.3160
    1800       2.4194
    1801       2.6379
    1802       2.4037
    1803       2.5945
    1804       2.5474
    1805       2.2971
    1806       2.3223
    1807       2.4050
    1808       2.1627
    1809       2.2820
    1810       1.9127
    1811       2.1782
    1812       2.1219
    1813       2.0951
    1814       2.1498
    1815       1.9303
    1816       2.0867
    1817       1.9903
    1818       1.9175
    1819       1.9716
    1820       1.9743
    1821       1.9795
    1822       2.3540
    1823       1.9904
    1824       2.2592
    1825       2.2631
    1826       2.1987
    1827       2.2281
    1828       2.2988
    1829       2.2854
    1830       2.0158
    1831       2.0548
    1832       2.5624
    1833       2.3799
    1834       2.1206
    1835       2.0263
    1836       2.0407
    1837       2.0639
    1838       2.1035
    1839       2.1932
    1840       1.9929
    1841       2.1291
    1842       2.3998
    1843       2.4705
    1844       2.6350
    1845       3.1602
    1846       2.9115
    1847       2.5079
    1848       2.7517
    1849       2.4739
    1850       2.3555
    1851       2.0401
    1852       2.0437
    1853       2.0938
    1854       2.0942
    1855       2.3004
    1856       2.2974
    1857       2.2532
    1858       2.2335
    1859       2.1749
    1860       2.0152
    1861       2.4074
    1862       2.4907
    1863       2.3819
    1864       2.1061
    1865       2.3211
    1866       2.4263
    1867       2.5894
    1868       2.3709
    1869       2.3105
    1870       2.4251
    1871       2.2635
    1872       2.0252
    1873       2.0482
    1874       2.2253
    1875       2.7195
    1876       2.2332
    1877       2.2494
    1878       2.1855
    1879       2.0638
    1880       2.2467
    1881       2.3193
    1882       2.1268
    1883       2.0730
    1884       1.9828
    1885       1.9163
    1886       1.9467
    1887       2.0144
    1888       2.1378
    1889       2.4205
    1890       2.2703
    1891       2.2785
    1892       2.4916
    1893       2.3391
    1894       2.5915
    1895       2.6447
    1896       2.3707
    1897       2.4995
    1898       2.2494
    1899       2.2866
    1900       2.2941
    1901       2.5091
    1902       2.4160
    1903       2.3494
    1904       2.3468
    1905       2.1919
    1906       2.1344
    1907       2.3935
    1908       2.0803
    1909       2.3869
    1910       2.2992
    1911       2.3865
    1912       2.5954
    1913       2.1622
    1914       2.1048
    1915       2.1969
    1916       2.1098
    1917       2.4188
    1918       2.1442
    1919       2.2672
    1920       2.3938
    1921       2.3801
    1922       2.4682
    1923       2.3909
    1924       2.5232
    1925       2.5290
    1926       2.3859
    1927       2.2467
    1928       2.3663
    1929       2.2612
    1930       2.3777
    1931       2.4417
    1932       2.3451
    1933       2.1732
    1934       2.3005
    1935       2.5010
    1936       2.4120
    1937       2.2035
    1938       2.1852
    1939       2.2017
    1940       2.3380
    1941       2.4431
    1942       2.1935
    1943       2.3697
    1944       2.4904
    1945       2.3706
    1946       2.4927
    1947       2.4696
    1948       2.2882
    1949       2.2704
    1950       2.2812
    1951       2.3592
    1952       2.6872
    1953       2.5660
    1954       2.4170
    1955       2.4826
    1956       2.4819
    1957       2.3934
    1958       2.4728
    1959       2.4048
    1960       2.2877
    1961       2.4701
    1962       2.3263
    1963       2.1586
    1964       2.1451
    1965       2.3107
    1966       2.4251
    1967       2.3294
    1968       2.2214
    1969       2.3083
    1970       2.1982
    1971       2.1256
    1972       2.1767
    1973       2.0152
    1974       1.9625
    1975       1.9650
    1976       1.9417
    1977       1.9776
    1978       1.9836
    1979       1.9456
    1980       2.0943
    1981       2.0784
    1982       1.9575
    1983       1.9716
    1984       2.1882
    1985       1.9823
    1986       2.1898
    1987       2.0970
    1988       2.2933
    1989       2.2220
    1990       2.1203
    1991       2.2083
    1992       2.4822
    1993       2.4764
    1994       2.2292
    1995       2.5262
    1996       2.8143
    1997       2.4486
    1998       2.2255
    1999       2.3330
    2000       2.2063
    2001       2.4515
    2002       2.2500
    2003       2.1103
    2004       2.3270
    2005       2.1132
    2006       2.0711
    2007       2.1263
    2008       2.1154
    2009       2.0394
    2010       2.0076
    2011       2.1149
    2012       2.1149
    2013       2.2892
    2014       2.6889
    2015       2.3483
    2016       2.4952
    2017       2.2173
    2018       2.2572
    2019       2.4105
    2020       2.3889
    2021       2.3351
    2022       2.1240
    2023       2.3578
    2024       2.6516
    2025       2.5510
    2026       2.5915
    2027       2.4677
    2028       2.4104
    2029       2.5880
    2030       2.6703
    2031       2.5421
    2032       2.3663
    2033       2.1627
    2034       2.4015
    2035       2.5912
    2036       2.7590
    2037       2.5614
    2038       2.2572
    2039       2.3342
    2040       2.6065
    2041       2.3656
    2042       2.4464
    2043       2.4430
    2044       2.5941
    2045       2.4739
    2046       2.6970
    2047       2.7705
    2048       2.5139
    2049       2.3086
    2050       2.4569
    2051       2.5648
    2052       2.5607
    2053       2.3328
    2054       2.2639
    2055       2.2182
    2056       2.2533
    2057       2.2064
    2058       2.3733
    2059       2.5567
    2060       2.3209
    2061       2.2885
    2062       2.1578
    2063       2.2083
    2064       2.2208
    2065       2.3196
    2066       2.1577
    2067       2.5017
    2068       2.0891
    2069       2.3055
    2070       2.2038
    2071       2.0629
    2072       2.0737
    2073       2.2545
    2074       2.6223
    2075       2.4714
    2076       2.3129
    2077       2.4223
    2078       2.7121
    2079       2.7776
    2080       2.7690
    2081       2.5110
    2082       2.7645
    2083       2.6196
    2084       2.3314
    2085       2.3487
    2086       2.5395
    2087       2.6197
    2088       2.4023
    2089       2.4228
    2090       2.3378
    2091       2.2486
    2092       2.3113
    2093       2.4912
    2094       2.6231
    2095       2.5290
    2096       2.3613
    2097       2.1925
    2098       2.4989
    2099       2.3697
    2100       2.3130
    2101       2.2868
    2102       2.3594
    2103       2.3657
    2104       2.1697
    2105       2.3866
    2106       2.4183
    2107       2.3091
    2108       2.6003
    2109       2.4452
    2110       2.6715
    2111       2.8244
    2112       2.6675
    2113       2.6055
    2114       2.5895
    2115       2.7858
    2116       2.5603
    2117       2.4206
    2118       2.7871
    2119       2.5354
    2120       2.3778
    2121       2.1842
    2122       2.0868
    2123       2.1126
    2124       2.3012
    2125       2.2625
    2126       2.3447
    2127       2.3908
    2128       2.5857
    2129       2.3947
    2130       2.6512
    2131       2.4045
    2132       2.3061
    2133       2.5034
    2134       2.2454
    2135       2.3489
    2136       2.3921
    2137       2.4048
    2138       2.4025
    2139       2.6563
    2140       2.5643
    2141       2.1410
    2142       2.3007
    2143       2.1996
    2144       2.2462
    2145       2.4462
    2146       2.2240
    2147       2.4559
    2148       2.2649
    2149       2.2603
    2150       2.2752
    2151       2.2306
    2152       2.3028
    2153       2.4703
    2154       2.4865
    2155       2.3573
    2156       2.4275
    2157       2.5072
    2158       2.3644
    2159       2.4116
    2160       2.3966
    2161       2.5496
    2162       2.3747
    2163       2.3795
    2164       2.4810
    2165       2.2457
    2166       2.1530
    2167       2.2508
    2168       2.3386
    2169       2.4627
    2170       2.3367
    2171       2.1432
    2172       2.3196
    2173       2.2581
    2174       2.3261
    2175       2.2225
    2176       2.3136
    2177       2.2014
    2178       2.3938
    2179       2.3345
    2180       2.2601
    2181       2.2872
    2182       2.3705
    2183       2.3946
    2184       2.3190
    2185       2.2827
    2186       2.2317
    2187       2.1055
    2188       2.3077
    2189       2.3910
    2190       2.4464
    2191       2.4083
    2192       2.4586
    2193       2.3418
    2194       2.3538
    2195       2.4997
    2196       2.4812
    2197       2.2887
    2198       2.4606
    2199       2.3389
    2200       2.5084
    2201       2.3779
    2202       2.4331
    2203       2.4643
    2204       2.3750
    2205       2.3938
    2206       2.4377
    2207       2.5241
    2208       2.4280
    2209       2.5392
    2210       2.6480
    2211       2.6160
    2212       2.6471
    2213       2.6252
    2214       2.5847
    2215       2.7601
    2216       2.5976
    2217       2.4586
    2218       2.3618
    2219       2.4497
    2220       2.3609
    2221       2.4341
    2222       2.2950
    2223       2.4239
    2224       2.2880
    2225       2.4146
    2226       2.3495
    2227       2.2265
    2228       2.5257
    2229       2.3358
    2230       2.2870
    2231       2.2576
    2232       2.4152
    2233       2.1805
    2234       2.1639
    2235       2.4048
    2236       2.2424
    2237       2.3136
    2238       2.1554
    2239       2.4668
    2240       2.4085
    2241       2.4373
    2242       2.2543
    2243       2.1619
    2244       2.4211
    2245       2.3412
    2246       2.2755
    2247       2.5214
    2248       2.3099
    2249       2.1411
    2250       2.1883
    2251       2.4244
    2252       2.3907
    2253       2.3283
    2254       2.3853
    2255       2.2114
    2256       2.3486
    2257       2.1648
    2258       2.1501
    2259       2.3000
    2260       2.3715
    2261       2.5339
    2262       2.1200
    2263       2.1483
    2264       2.1582
    2265       2.1491
    2266       2.3820
    2267       2.4323
    2268       2.5184
    2269       2.4063
    2270       2.1830
    2271       2.2678
    2272       2.2067
    2273       2.2836
    2274       2.4573
    2275       2.3332
    2276       2.2994
    2277       2.3014
    2278       2.3368
    2279       2.6409
    2280       2.3061
    2281       2.1416
    2282       2.5021
    2283       2.3931
    2284       2.6079
    2285       2.3465
    2286       2.3973
    2287       2.5981
    2288       2.6495
    2289       2.5125
    2290       2.7874
    2291       2.4113
    2292       2.5110
    2293       2.4852
    2294       2.6805
    2295       2.5557
    2296       2.5925
    2297       2.2608
    2298       2.3354
    2299       2.3935
    2300       2.5147
    2301       2.3371
    2302       2.3075
    2303       2.2736
    2304       2.2642
    2305       2.1946
    2306       2.5952
    2307       2.3924
    2308       2.3224
    2309       2.6065
    2310       2.8187
    2311       2.5482
    2312       2.4227
    2313       2.5145
    2314       2.7344
    2315       2.5891
    2316       2.0563
    2317       2.1888
    2318       2.5543
    2319       2.4172
    2320       2.2531
    2321       2.1855
    2322       2.2114
    2323       1.9733
    2324       1.9374
    2325       2.1198
    2326       2.1885
    2327       2.2779
    2328       2.5311
    2329       2.5135
    2330       2.5984
    2331       2.4353
    2332       2.6037
    2333       2.5831
    2334       2.2869
    2335       2.6021
    2336       2.6677
    2337       2.6044
    2338       2.7230
    2339       2.6616
    2340       2.5426
    2341       2.5840
    2342       2.9608
    2343       2.8858
    2344       2.8948
    2345       2.4527
    2346       2.3812
    2347       2.6686
    2348       2.4734
    2349       2.2910
    2350       2.6111
    2351       2.3589
    2352       2.7841
    2353       2.4599
    2354       2.7033
    2355       3.0079
    2356       2.7139
    2357       2.6365
    2358       2.6711
    2359       2.5338
    2360       2.5316
    2361       2.6498
    2362       2.4134
    2363       2.2927
    2364       2.2752
    2365       2.1128
    2366       2.0648
    2367       2.0317
    2368       2.2129
    2369       2.3120
    2370       2.4327
    2371       2.3670
    2372       2.4904
    2373       2.4693
    2374       2.7173
    2375       2.4941
    2376       2.5934
    2377       2.6152
    2378       2.4463
    2379       2.5703
    2380       2.4803
    2381       2.3246
    2382       2.2306
    2383       2.3528
    2384       2.0909
    2385       2.2136
    2386       2.1129
    2387       2.1344
    2388       2.2072
    2389       2.3859
    2390       2.2728
    2391       2.3223
    2392       2.1864
    2393       2.4171
    2394       2.4895
    2395       2.2549
    2396       2.2789
    2397       2.4991
    2398       2.3857
    2399       2.3694
    2400       2.3832
    2401       2.1732
    2402       2.3458
    2403       2.6920
    2404       2.5070
    2405       2.2301
    2406       2.3626
    2407       2.2880
    2408       2.4446
    2409       2.2544
    2410       2.4461
    2411       2.6717
    2412       2.7849
    2413       3.0945
    2414       2.5758
    2415       2.4069
    2416       2.4145
    2417       2.3488
    2418       2.1949
    2419       2.5752
    2420       2.6427
    2421       2.4735
    2422       2.3788
    2423       2.2329
    2424       2.2208
    2425       2.1597
    2426       1.8523
    2427       1.9054
    2428       1.9622
    2429       1.9995
    2430       2.0684
    2431       2.0399
    2432       2.1503
    2433       2.1998
    2434       2.4278
    2435       2.5662
    2436       2.3472
    2437       2.1968
    2438       2.4439
    2439       2.4640
    2440       2.2678
    2441       2.1695
    2442       2.1442
    2443       2.2294
    2444       2.2963
    2445       2.2025
    2446       2.2087
    2447       2.4216
    2448       2.4911
    2449       2.3288
    2450       2.0844
    2451       2.2326
    2452       2.0951
    2453       2.1912
    2454       2.0418
    2455       2.1634
    2456       1.9912
    2457       1.9852
    2458       1.9746
    2459       2.1500
    2460       2.0625
    2461       2.0028
    2462       1.9663
    2463       2.2210
    2464       2.3239
    2465       2.0222
    2466       1.9344
    2467       2.0221
    2468       2.1396
    2469       2.2487
    2470       2.1365
    2471       2.3739
    2472       2.1728
    2473       2.0765
    2474       2.0595
    2475       2.0117
    2476       2.2745
    2477       2.2023
    2478       2.1995
    2479       2.1601
    2480       2.1178
    2481       2.2708
    2482       2.0962
    2483       2.1557
    2484       2.2274
    2485       1.9826
    2486       1.9989
    2487       2.0838
    2488       1.9881
    2489       2.0417
    2490       2.2113
    2491       2.3303
    2492       2.1199
    2493       2.1630
    2494       2.3206
    2495       2.1925
    2496       2.3122
    2497       2.2361
    2498       2.3831
    2499       2.2056
    2500       2.3151
    2501       2.2419
    2502       2.1906
    2503       2.3246
    2504       2.1667
    2505       2.2926
    2506       2.5879
    2507       2.3278
    2508       2.4509
    2509       2.3424
    2510       2.2575
    2511       2.3864
    2512       2.3451
    2513       2.3265
    2514       2.3919
    2515       2.1460
    2516       2.3070
    2517       2.4743
    2518       2.2465
    2519       2.3034
    2520       2.5885
    2521       2.1838
    2522       2.1871
    2523       2.3904
    2524       2.4272
    2525       2.3516
    2526       2.1919
    2527       2.2635
    2528       2.3948
    2529       2.8451
    2530       2.6189
    2531       2.3614
    2532       2.4804
    2533       2.1658
    2534       2.2887
    2535       2.5048
    2536       2.4025
    2537       2.3536
    2538       2.4572
    2539       2.2209
    2540       2.1471
    2541       2.2622
    2542       2.3093
    2543       2.4923
    2544       2.3260
    2545       2.3162
    2546       2.2922
    2547       2.1859
    2548       2.1102
    2549       2.2747
    2550       2.1896
    2551       2.2247
    2552       2.3259
    2553       2.1841
    2554       2.1291
    2555       2.1302
    2556       2.2129
    2557       2.3915
    2558       1.9189
    2559       2.0729
    2560       2.1316
    2561       2.1154
    2562       2.0505
    2563       2.0381
    2564       2.0207
    2565       2.2900
    2566       2.0451
    2567       2.1380
    2568       2.3438
    2569       2.4146
    2570       2.3859
    2571       2.4108
    2572       2.4861
    2573       2.5174
    2574       2.4784
    2575       2.4573
    2576       2.3144
    2577       2.1447
    2578       2.2534
    2579       2.2896
    2580       2.2960
    2581       2.1196
    2582       2.1331
    2583       2.1812
    2584       2.3488
    2585       2.1886
    2586       2.2370
    2587       2.1738
    2588       2.3250
    2589       2.3663
    2590       2.2167
    2591       2.3344
    2592       2.8690
    2593       2.7226
    2594       2.3761
    2595       2.1085
    2596       2.2416
    2597       2.3907
    2598       2.2315
    2599       2.1587
    2600       2.1307
    2601       2.0980
    2602       2.1855
    2603       2.2335
    2604       2.2497
    2605       2.1042
    2606       2.3736
    2607       2.6758
    2608       2.3952
    2609       2.6518
    2610       2.7549
    2611       2.4900
    2612       2.5390
    2613       2.7544
    2614       2.7163
    2615       2.8095
    2616       2.6034
    2617       2.7152
    2618       2.7715
    2619       2.5862
    2620       3.0746
    2621       2.8283
    2622       3.1185
    2623       2.9254
    2624       2.8408
    2625       2.7009
    2626       2.7675
    2627       2.7862
    2628       2.6621
    2629       2.5654
    2630       2.3674
    2631       2.4693
    2632       2.3816
    2633       2.1978
    2634       2.3280
    2635       2.5864
    2636       2.4097
    2637       2.2880
    2638       2.5809
    2639       2.4596
    2640       2.4858
    2641       2.2752
    2642       2.5147
    2643       2.5213
    2644       2.6685
    2645       2.6638
    2646       2.2893
    2647       2.2996
    2648       2.5471
    2649       2.5199
    2650       2.8772
    2651       2.7024
    2652       2.6221
    2653       2.4075
    2654       2.1400
    2655       2.3231
    2656       2.0446
    2657       2.1004
    2658       1.9787
    2659       2.1866
    2660       2.2572
    2661       2.3845
    2662       2.1461
    2663       2.2387
    2664       2.0535
    2665       2.0502
    2666       2.4919
    2667       2.3196
    2668       2.2132
    2669       2.2417
    2670       2.4183
    2671       1.9562
    2672       2.0826
    2673       1.9767
    2674       2.1278
    2675       2.0264
    2676       2.3742
    2677       2.1990
    2678       2.3300
    2679       1.8747
    2680       2.0417
    2681       2.0513
    2682       2.2316
    2683       2.2571
    2684       2.0816
    2685       2.1181
    2686       2.1198
    2687       2.0727
    2688       1.9713
    2689       2.0222
    2690       2.0051
    2691       1.9717
    2692       2.3296
    2693       2.3541
    2694       2.2409
    2695       2.0656
    2696       2.2952
    2697       2.0878
    2698       2.1169
    2699       2.1452
    2700       2.3587
    2701       2.2513
    2702       2.4060
    2703       2.2315
    2704       2.3234
    2705       2.0168
    2706       2.0888
    2707       2.0419
    2708       2.0339
    2709       2.0710
    2710       1.9882
    2711       1.9872
    2712       2.0967
    2713       2.2607
    2714       2.5576
    2715       2.2443
    2716       2.3922
    2717       2.0551
    2718       2.1831
    2719       2.4703
    2720       2.3973
    2721       2.4740
    2722       2.4239
    2723       2.2972
    2724       2.2744
    2725       2.1097
    2726       2.0386
    2727       2.1322
    2728       1.9807
    2729       2.2145
    2730       2.0807
    2731       2.0017
    2732       2.0027
    2733       2.0417
    2734       1.8066
    2735       1.9885
    2736       1.9804
    2737       1.9930
    2738       1.8928
    2739       2.0409
    2740       1.9885
    2741       2.0029
    2742       2.2696
    2743       2.1175
    2744       2.1669
    2745       2.0973
    2746       2.3630
    2747       2.1877
    2748       2.2463
    2749       2.2595
    2750       2.3222
    2751       2.1139
    2752       2.0103
    2753       1.8999
    2754       2.0478
    2755       2.0073
    2756       1.9330
    2757       1.9944
    2758       2.1835
    2759       1.9724
    2760       2.0910
    2761       2.0533
    2762       2.1834
    2763       2.3021
    2764       2.3238
    2765       2.0670
    2766       2.0776
    2767       2.0416
    2768       2.1721
    2769       2.1421
    2770       2.2543
    2771       2.0758
    2772       2.3578
    2773       2.3545
    2774       2.2355
    2775       2.1875
    2776       2.1731
    2777       2.2437
    2778       2.1850
    2779       2.1268
    2780       2.1645
    2781       2.1715
    2782       2.3546
    2783       2.3921
    2784       2.4989
    2785       2.3451
    2786       2.3421
    2787       2.4169
    2788       2.1947
    2789       2.3474
    2790       2.3420
    2791       2.5176
    2792       2.2601
    2793       2.3169
    2794       2.1507
    2795       2.2410
    2796       2.1979
    2797       2.3253
    2798       2.3342
    2799       2.2187
    2800       2.1011
    2801       1.9914
    2802       2.0486
    2803       2.0502
    2804       2.1519
    2805       2.0971
    2806       2.2240
    2807       2.2202
    2808       2.3628
    2809       2.3014
    2810       2.3115
    2811       2.2825
    2812       2.2403
    2813       1.8914
    2814       2.1896
    2815       1.9642
    2816       1.9477
    2817       1.9337
    2818       1.8750
    2819       2.0207
    2820       1.8388
    2821       1.9369
    2822       1.8632
    2823       1.8932
    2824       1.8986
    2825       1.9441
    2826       2.0051
    2827       2.1176
    2828       2.2252
    2829       2.3256
    2830       2.2812
    2831       2.3758
    2832       2.4308
    2833       2.4907
    2834       2.3249
    2835       2.4498
    2836       2.2673
    2837       2.1706
    2838       2.2364
    2839       2.1258
    2840       2.1328
    2841       2.2032
    2842       2.1497
    2843       2.3885
    2844       2.3379
    2845       2.2076
    2846       2.1652
    2847       2.1328
    2848       2.3335
    2849       2.3695
    2850       2.3674
    2851       2.5428
    2852       2.2825
    2853       2.2185
    2854       2.1569
    2855       2.4001
    2856       2.2974
    2857       2.2960
    2858       2.0595
    2859       2.2846
    2860       2.1917
    2861       2.3601
    2862       2.7120
    2863       2.3453
    2864       2.5287
    2865       2.3138
    2866       2.3140
    2867       2.2576
    2868       2.3485
    2869       2.2662
    2870       2.4232
    2871       2.2513
    2872       2.1580
    2873       2.3162
    2874       2.2438
    2875       2.3632
    2876       2.1750
    2877       2.1798
    2878       2.2458
    2879       2.2727
    2880       2.4059
    2881       2.2159
    2882       2.3882
    2883       2.2595
    2884       2.1547
    2885       2.1160
    2886       2.2260
    2887       2.2208
    2888       2.1368
    2889       2.3903
    2890       2.2773
    2891       2.5182
    2892       2.2793
    2893       2.3473
    2894       2.4787
    2895       2.3846
    2896       2.2225
    2897       2.1737
    2898       2.3256
    2899       2.0732
    2900       2.1762
    2901       2.4213
    2902       2.3446
    2903       2.2130
    2904       2.2678
    2905       2.5639
    2906       2.3200
    2907       2.6316
    2908       2.7459
    2909       2.3127
    2910       2.7135
    2911       2.3332
    2912       2.4494
    2913       2.3934
    2914       2.2782
    2915       2.3544
    2916       2.4226
    2917       2.3264
    2918       2.2863
    2919       2.4897
    2920       2.5222
    2921       2.4406
    2922       2.5345
    2923       2.4861
    2924       2.5779
    2925       2.3655
    2926       2.2007
    2927       2.3776
    2928       2.2563
    2929       2.3051
    2930       2.1411
    2931       2.2477
    2932       2.2146
    2933       2.2727
    2934       2.1138
    2935       2.1062
    2936       2.3696
    2937       2.1367
    2938       2.0715
    2939       2.2118
    2940       2.4187
    2941       2.4809
    2942       2.5763
    2943       2.2686
    2944       2.3199
    2945       2.3043
    2946       2.3994
    2947       2.1180
    2948       2.2683
    2949       2.5552
    2950       2.2904
    2951       2.3637
    2952       2.6281
    2953       2.6186
    2954       2.9222
    2955       2.5638
    2956       2.4159
    2957       2.5467
    2958       2.3865
    2959       2.2222
    2960       2.2894
    2961       2.3285
    2962       2.6330
    2963       2.3712
    2964       2.3696
    2965       2.1016
    2966       2.2374
    2967       2.2103
    2968       2.3396
    2969       2.3770
    2970       2.3916
    2971       2.3138
    2972       2.2878
    2973       2.4071
    2974       2.4240
    2975       2.3024
    2976       2.3516
    2977       2.2154
    2978       2.2004
    2979       2.3405
    2980       2.1572
    2981       2.4332
    2982       2.2980
    2983       2.4295
    2984       2.1734
    2985       2.1720
    2986       2.2750
    2987       2.2482
    2988       2.2119
    2989       2.1110
    2990       2.2973
    2991       2.3401
    2992       2.1702
    2993       2.1897
    2994       2.3481
    2995       2.3341
    2996       2.4151
    2997       2.2146
    2998       2.2014
    2999       2.2841
    3000       2.2202
    3001       2.1030
    3002       2.3378
    3003       2.3778
    3004       2.5283
    3005       2.2377
    3006       2.3413
    3007       2.5785
    3008       2.2100
    3009       2.4836
    3010       2.2400
    3011       2.1448
    3012       2.3675
    3013       2.2518
    3014       2.1845
    3015       2.1948
    3016       2.3419
    3017       2.3412
    3018       2.6737
    3019       2.3305
    3020       2.4680
    3021       2.3573
    3022       2.3729
    3023       2.2457
    3024       2.2522
    3025       2.4393
    3026       2.3032
    3027       2.2644
    3028       2.4299
    3029       2.4184
    3030       2.4245
    3031       2.4260
    3032       2.4473
    3033       2.1335
    3034       2.1779
    3035       2.2213
    3036       2.3986
    3037       2.4045
    3038       2.3938
    3039       2.2291
    3040       2.3156
    3041       2.2616
    3042       2.3923
    3043       2.3320
    3044       2.2543
    3045       2.1437
    3046       2.3147
    3047       2.1251
    3048       2.3835
    3049       2.5208
    3050       2.4379
    3051       2.2731
    3052       2.5103
    3053       2.3082
    3054       2.3692
    3055       2.2981
    3056       2.3695
    3057       2.3560
    3058       2.5346
    3059       2.4365
    3060       2.3418
    3061       2.2375
    3062       2.2979
    3063       2.3565
    3064       2.3691
    3065       2.4151
    3066       2.4896
    3067       2.7792
    3068       2.3841
    3069       2.2058
    3070       2.5377
    3071       2.5194
    3072       2.5069
    3073       2.4910
    3074       2.3122
    3075       2.3173
    3076       2.2777
    3077       2.2060
    3078       2.2723
    3079       2.4464
    3080       2.4174
    3081       2.1627
    3082       2.2170
    3083       2.4189
    3084       2.4041
    3085       2.1872
    3086       2.2677
    3087       2.2411
    3088       2.1116
    3089       2.2435
    3090       2.2487
    3091       2.2380
    3092       2.3952
    3093       2.4505
    3094       2.3914
    3095       2.2429
    3096       2.4530
    3097       2.4448
    3098       2.5151
    3099       2.3378
    3100       2.2208
    3101       2.3380
    3102       2.1362
    3103       2.2697
    3104       2.2662
    3105       2.1266
    3106       2.2426
    3107       2.2087
    3108       2.2928
    3109       2.0744
    3110       2.2810
    3111       2.3663
    3112       2.2440
    3113       2.2852
    3114       2.2058
    3115       2.2169
    3116       2.2125
    3117       2.4123
    3118       2.5220
    3119       2.4551
    3120       2.2240
    3121       2.2416
    3122       2.2567
    3123       2.3358
    3124       2.2389
    3125       2.2385
    3126       2.3038
    3127       2.1808
    3128       2.2508
    3129       2.1744
    3130       2.1028
    3131       2.1436
    3132       2.0729
    3133       2.1938
    3134       2.0785
    3135       2.1621
    3136       2.1125
    3137       2.1170
    3138       2.1205
    3139       2.0393
    3140       2.1531
    3141       2.2365
    3142       2.3197
    3143       2.2173
    3144       2.0702
    3145       2.0638
    3146       2.1185
    3147       2.1329
    3148       2.1137
    3149       2.1028
    3150       2.1227
    3151       2.2217
    3152       2.1930
    3153       2.1017
    3154       2.1471
    3155       2.2205
    3156       2.2013
    3157       2.1651
    3158       2.1196
    3159       2.0839
    3160       2.1420
    3161       2.2131
    3162       2.3534
    3163       2.1323
    3164       2.1930
    3165       2.2171
    3166       2.2132
    3167       2.1416
    3168       2.2243
    3169       2.1783
    3170       2.1039
    3171       2.2048
    3172       2.1410
    3173       2.1018
    3174       2.1839
    3175       2.3016
    3176       2.2871
    3177       2.2146
    3178       2.3386
    3179       2.1164
    3180       2.2548
    3181       2.1497
    3182       2.1790
    3183       2.0851
    3184       2.3832
    3185       2.1899
    3186       2.2518
    3187       2.2422
    3188       2.4140
    3189       2.1837
    3190       2.1558
    3191       2.2937
    3192       2.3238
    3193       2.2283
    3194       2.2682
    3195       2.2349
    3196       2.1534
    3197       2.2467
    3198       2.2674
    3199       2.4814
    3200       2.1505
    3201       2.3346
    3202       2.3941
    3203       2.3682
    3204       2.4281
    3205       2.2595
    3206       2.4456
    3207       2.3370
    3208       2.3742
    3209       2.2517
    3210       2.3175
    3211       2.2362
    3212       2.3341
    3213       2.3245
    3214       2.1622
    3215       2.3078
    3216       2.2341
    3217       2.3690
    3218       2.4103
    3219       2.5447
    3220       2.4123
    3221       2.5386
    3222       2.4415
    3223       2.4475
    3224       2.7177
    3225       2.5988
    3226       2.4271
    3227       2.4870
    3228       2.6181
    3229       2.5294
    3230       2.4265
    3231       2.5604
    3232       2.4444
    3233       2.3349
    3234       2.4654
    3235       2.3784
    3236       2.2657
    3237       2.1922
    3238       2.3143
    3239       2.3941
    3240       2.5143
    3241       2.3322
    3242       2.3104
    3243       2.1846
    3244       2.2581
    3245       2.3364
    3246       2.2886
    3247       2.1972
    3248       2.2603
    3249       2.3606
    3250       2.3403
    3251       2.3079
    3252       2.3403
    3253       2.4608
    3254       2.3797
    3255       2.2743
    3256       2.2735
    3257       2.1720
    3258       2.4398
    3259       2.1694
    3260       2.2030
    3261       2.1093
    3262       2.2652
    3263       2.3013
    3264       2.2182
    3265       2.3973
    3266       2.3808
    3267       2.3273
    3268       2.4427
    3269       2.1860
    3270       2.4241
    3271       2.3799
    3272       2.2822
    3273       2.2381
    3274       2.1675
    3275       2.1840
    3276       2.1263
    3277       2.2149
    3278       2.3633
    3279       2.3163
    3280       2.2822
    3281       2.2179
    3282       2.2710
    3283       2.2304
    3284       2.2192
    3285       2.2182
    3286       2.2667
    3287       2.2190
    3288       2.2350
    3289       2.2748
    3290       2.2460
    3291       2.1577
    3292       2.2985
    3293       2.2848
    3294       2.3631
    3295       2.1757
    3296       2.2270
    3297       2.4302
    3298       2.2253
    3299       2.1364
    3300       2.3018
    3301       2.2904
    3302       2.5032
    3303       2.5570
    3304       2.2745
    3305       2.2692
    3306       2.2177
    3307       2.2564
    3308       2.2261
    3309       2.1199
    3310       2.1996
    3311       2.2135
    3312       2.4086
    3313       2.3563
    3314       2.3907
    3315       2.3971
    3316       2.1462
    3317       2.2172
    3318       2.3123
    3319       2.1885
    3320       2.1595
    3321       2.2954
    3322       2.1071
    3323       2.5192
    3324       2.6283
    3325       2.4484
    3326       2.3876
    3327       2.2545
    3328       2.2356
    3329       2.3168
    3330       2.4295
    3331       2.1751
    3332       2.2080
    3333       2.3516
    3334       2.3261
    3335       2.3156
    3336       2.3106
    3337       2.1991
    3338       2.1783
    3339       2.2089
    3340       2.3025
    3341       2.3271
    3342       2.3701
    3343       2.2384
    3344       2.3310
    3345       2.1390
    3346       2.3504
    3347       2.3415
    3348       2.3365
    3349       2.3417
    3350       2.3685
    3351       2.3141
    3352       2.4490
    3353       2.4122
    3354       2.2829
    3355       2.4316
    3356       2.4314
    3357       2.2602
    3358       2.4965
    3359       2.3762
    3360       2.4052
    3361       2.3925
    3362       2.3582
    3363       2.3609
    3364       2.4009
    3365       2.3434
    3366       2.4085
    3367       2.3021
    3368       2.4278
    3369       2.2787
    3370       2.1769
    3371       2.4565
    3372       2.3589
    3373       2.1563
    3374       2.2562
    3375       2.1988
    3376       2.2854
    3377       2.1537
    3378       2.1819
    3379       2.2904
    3380       2.1938
    3381       2.2631
    3382       2.1736
    3383       2.3713
    3384       2.4479
    3385       2.3310
    3386       2.2856
    3387       2.2841
    3388       2.1596
    3389       2.1988
    3390       2.2046
    3391       2.1668
    3392       2.2680
    3393       2.2519
    3394       2.1597
    3395       2.2413
    3396       2.1315
    3397       2.2689
    3398       2.1436
    3399       2.1853
    3400       2.2616
    3401       2.2146
    3402       2.3042
    3403       2.2153
    3404       2.3068
    3405       2.3290
    3406       2.3965
    3407       2.3235
    3408       2.3677
    3409       2.4649
    3410       2.7511
    3411       2.5990
    3412       2.4510
    3413       2.2295
    3414       2.2816
    3415       2.2922
    3416       2.4116
    3417       2.3012
    3418       2.3895
    3419       2.3342
    3420       2.2402
    3421       2.1170
    3422       2.2425
    3423       2.1600
    3424       2.1349
    3425       2.1968
    3426       2.5036
    3427       2.4411
    3428       2.2544
    3429       2.2526
    3430       2.2311
    3431       2.2065
    3432       2.1346
    3433       2.3591
    3434       2.1993
    3435       2.4231
    3436       2.4236
    3437       2.3713
    3438       2.2886
    3439       2.2147
    3440       2.2545
    3441       2.3629
    3442       2.3806
    3443       2.1937
    3444       2.2363
    3445       2.0678
    3446       2.2786
    3447       2.3907
    3448       2.3728
    3449       2.3828
    3450       2.2987
    3451       2.3607
    3452       2.3534
    3453       2.2833
    3454       2.3230
    3455       2.3223
    3456       2.2867
    3457       2.2724
    3458       2.3923
    3459       2.3251
    3460       2.2693
    3461       2.0666
    3462       2.2663
    3463       2.2326
    3464       2.3618
    3465       2.2477
    3466       2.2255
    3467       2.4244
    3468       2.3343
    3469       2.1915
    3470       2.2136
    3471       2.4491
    3472       2.3686
    3473       2.3981
    3474       2.4225
    3475       2.4444
    3476       2.7679
    3477       2.4123
    3478       2.4576
    3479       2.5546
    3480       2.2369
    3481       2.2420
    3482       2.2132
    3483       2.2550
    3484       2.2390
    3485       2.1728
    3486       2.2170
    3487       2.2465
    3488       2.2959
    3489       2.3444
    3490       2.3677
    3491       2.4366
    3492       2.3088
    3493       2.3913
    3494       2.2844
    3495       2.2910
    3496       2.3720
    3497       2.3311
    3498       2.2601
    3499       2.1860
    3500       2.2286
    3501       2.2185
    3502       2.3831
    3503       2.2147
    3504       2.2133
    3505       2.2387
    3506       2.2873
    3507       2.2569
    3508       2.2527
    3509       2.3851
    3510       2.2363
    3511       2.1795
    3512       2.2683
    3513       2.2554
    3514       2.4832
    3515       2.2608
    3516       2.2824
    3517       2.3138
    3518       2.4461
    3519       2.1859
    3520       2.2901
    3521       2.2628
    3522       2.2100
    3523       2.2331
    3524       2.2952
    3525       2.3644
    3526       2.3032
    3527       2.2387
    3528       2.2847
    3529       2.1680
    3530       2.3703
    3531       2.2329
    3532       2.2349
    3533       2.1291
    3534       2.2739
    3535       2.5285
    3536       2.3375
    3537       2.4037
    3538       2.2346
    3539       2.2339
    3540       2.3002
    3541       2.2792
    3542       2.4139
    3543       2.3609
    3544       2.1407
    3545       2.4952
    3546       2.4019
    3547       2.2438
    3548       2.3814
    3549       2.2301
    3550       2.1872
    3551       2.3329
    3552       2.1800
    3553       2.3182
    3554       2.4139
    3555       2.3006
    3556       2.3165
    3557       2.1857
    3558       2.3211
    3559       2.3600
    3560       2.3419
    3561       2.3531
    3562       2.5354
    3563       2.4157
    3564       2.2508
    3565       2.3347
    3566       2.1717
    3567       2.1209
    3568       2.2289
    3569       2.2132
    3570       2.3370
    3571       2.0902
    3572       2.1796
    3573       2.1801
    3574       2.1983
    3575       2.2881
    3576       2.3049
    3577       2.3792
    3578       2.3951
    3579       2.3000
    3580       2.4476
    3581       2.3553
    3582       2.3142
    3583       2.3012
    3584       2.3174
    3585       2.2142
    3586       2.3152
    3587       2.2471
    3588       2.0908
    3589       2.2949
    3590       2.2831
    3591       2.3220
    3592       2.2946
    3593       2.1835
    3594       2.3550
    3595       2.2069
    3596       2.2246
    3597       2.3062
    3598       2.1351
    3599       2.0828
    3600       2.2121
    3601       2.3000
    3602       2.2977
    3603       2.2338
    3604       2.2356
    3605       2.3725
    3606       2.2760
    3607       2.2829
    3608       2.1823
    3609       2.1388
    3610       2.2828
    3611       2.2970
    3612       2.4534
    3613       2.1694
    3614       2.1011
    3615       2.2427
    3616       2.3236
    3617       2.3580
    3618       2.2830
    3619       2.1957
    3620       2.4040
    3621       2.4569
    3622       2.3326
    3623       2.2516
    3624       2.1175
    3625       2.2145
    3626       2.1321
    3627       2.2410
    3628       2.1700
    3629       2.1931
    3630       2.1995
    3631       2.2361
    3632       2.1346
    3633       2.2887
    3634       2.3863
    3635       2.5146
    3636       2.3378
    3637       2.4612
    3638       2.5681
    3639       2.6279
    3640       2.5231
    3641       2.6380
    3642       2.4379
    3643       2.5661
    3644       2.3432
    3645       2.3996
    3646       2.1961
    3647       2.3020
    3648       2.4016
    3649       2.4667
    3650       2.4762
    3651       2.3832
    3652       2.3570
    3653       2.1311
    3654       2.2199
    3655       2.1265
    3656       2.1757
    3657       2.2654
    3658       2.2130
    3659       2.1534
    3660       2.1605
    3661       2.1305
    3662       2.1303
    3663       2.1426
    3664       2.0966
    3665       2.1292
    3666       2.2061
    3667       2.1136
    3668       2.1702
    3669       2.1169
    3670       2.3087
    3671       2.1295
    3672       2.1220
    3673       2.1507
    3674       2.1501
    3675       2.1684
    3676       2.1640
    3677       2.1741
    3678       2.1551
    3679       2.1024
    3680       2.1821
    3681       2.2711
    3682       2.1903
    3683       2.0580
    3684       2.0726
    3685       2.2100
    3686       2.1273
    3687       2.1211
    3688       2.2489
    3689       2.1487
    3690       2.0521
    3691       2.1433
    3692       2.2136
    3693       2.1071
    3694       2.2100
    3695       2.1571
    3696       2.3760
    3697       2.2501
    3698       2.2766
    3699       2.2693
    3700       2.1874
    3701       2.2091
    3702       2.1951
    3703       2.1538
    3704       2.2085
    3705       2.2335
    3706       2.0998
    3707       2.1999
    3708       2.1146
    3709       2.2571
    3710       2.1306
    3711       2.2183
    3712       2.1362
    3713       2.1459
    3714       2.0499
    3715       2.1360
    3716       2.3358
    3717       2.3016
    3718       2.2310
    3719       2.1840
    3720       2.2537
    3721       2.3260
    3722       2.3165
    3723       2.3219
    3724       2.2576
    3725       2.3863
    3726       2.2646
    3727       2.2061
    3728       2.1986
    3729       2.2197
    3730       2.2181
    3731       2.1422
    3732       2.1509
    3733       2.1719
    3734       2.1763
    3735       2.2223
    3736       2.2772
    3737       2.1780
    3738       2.2627
    3739       2.2434
    3740       2.1672
    3741       2.2304
    3742       2.3501
    3743       2.3073
    3744       2.2128
    3745       2.3007
    3746       2.3527
    3747       2.4749
    3748       2.4349
    3749       2.3621
    3750       2.3583
    3751       2.2409
    3752       2.4762
    3753       2.2709
    3754       2.4018
    3755       2.3605
    3756       2.3535
    3757       2.2737
    3758       2.3117
    3759       2.2158
    3760       2.3712
    3761       2.3826
    3762       2.3941
    3763       2.4583
    3764       2.2595
    3765       2.3082
    3766       2.1650
    3767       2.3355
    3768       2.2497
    3769       2.3300
    3770       2.3514
    3771       2.2292
    3772       2.2425
    3773       2.3373
    3774       2.3298
    3775       2.2630
    3776       2.2192
    3777       2.2927
    3778       2.2960
    3779       2.3160
    3780       2.2498
    3781       2.2079
    3782       2.2535
    3783       2.1631
    3784       2.3409
    3785       2.2759
    3786       2.2230
    3787       2.2948
    3788       2.3417
    3789       2.2453
    3790       2.2562
    3791       2.0832
    3792       2.2065
    3793       2.1346
    3794       2.1843
    3795       2.3754
    3796       2.3389
    3797       2.1993
    3798       2.3357
    3799       2.3289
    3800       2.3011
    3801       2.3920
    3802       2.2450
    3803       2.1831
    3804       2.2348
    3805       2.4097
    3806       2.3586
    3807       2.2594
    3808       2.2544
    3809       2.4272
    3810       2.3916
    3811       2.4048
    3812       2.2587
    3813       2.3837
    3814       2.4103
    3815       2.5550
    3816       2.5279
    3817       2.2861
    3818       2.2870
    3819       2.3256
    3820       2.4575
    3821       2.3852
    3822       2.4425
    3823       2.2051
    3824       2.3740
    3825       2.3556
    3826       2.3197
    3827       2.2531
    3828       2.2584
    3829       2.2834
    3830       2.4313
    3831       2.4136
    3832       2.4304
    3833       2.5893
    3834       2.4872
    3835       2.5504
    3836       2.5248
    3837       2.5350
    3838       2.3412
    3839       2.5529
    3840       2.2571
    3841       2.3443
    3842       2.3039
    3843       2.6107
    3844       2.3673
    3845       2.4746
    3846       2.4683
    3847       2.3289
    3848       2.4028
    3849       2.4409
    3850       2.3704
    3851       2.3994
    3852       2.5092
    3853       2.2968
    3854       2.3380
    3855       2.3230
    3856       2.4886
    3857       2.4996
    3858       2.3892
    3859       2.6132
    3860       2.3277
    3861       2.4423
    3862       2.4716
    3863       2.3471
    3864       2.5483
    3865       2.2949
    3866       2.3200
    3867       2.2971
    3868       2.2366
    3869       2.3360
    3870       2.4500
    3871       2.3355
    3872       2.5108
    3873       2.6248
    3874       2.4923
    3875       2.5543
    3876       2.5971
    3877       2.8444
    3878       2.2816
    3879       2.3143
    3880       2.5128
    3881       2.5385
    3882       2.4566
    3883       2.3839
    3884       2.5093
    3885       2.4530
    3886       2.6047
    3887       2.5278
    3888       2.5673
    3889       2.5636
    3890       2.2819
    3891       2.5878
    3892       2.5091
    3893       2.4971
    3894       2.3690
    3895       2.4747
    3896       2.5195
    3897       2.7063
    3898       2.4445
    3899       2.5867
    3900       2.4148
    3901       2.4546
    3902       2.6804
    3903       2.4812
    3904       2.4045
    3905       2.5212
    3906       2.5697
    3907       2.4780
    3908       2.3489
    3909       2.2560
    3910       2.3594
    3911       2.2963
    3912       2.3371
    3913       2.4315
    3914       2.3659
    3915       2.4374
    3916       2.2422
    3917       2.2911
    3918       2.3426
    3919       2.3333
    3920       2.3666
    3921       2.2340
    3922       2.2023
    3923       2.2598
    3924       2.3428
    3925       2.3223
    3926       2.2878
    3927       2.2737
    3928       2.2127
    3929       2.0863
    3930       2.0207
    3931       2.1085
    3932       2.2349
    3933       2.1894
    3934       2.3230
    3935       2.3061
    3936       2.3957
    3937       2.3236
    3938       2.4437
    3939       2.5039
    3940       2.1771
    3941       2.1515
    3942       2.0996
    3943       2.1544
    3944       2.4236
    3945       2.2321
    3946       2.2231
    3947       2.3284
    3948       2.1853
    3949       2.1808
    3950       2.2416
    3951       2.2626
    3952       2.3223
    3953       2.3524
    3954       2.3185
    3955       2.3541
    3956       2.2841
    3957       2.3100
    3958       2.2937
    3959       2.2883
    3960       2.3761
    3961       2.5434
    3962       2.3718
    3963       2.3455
    3964       2.3144
    3965       2.3761
    3966       2.3434
    3967       2.5504
    3968       2.4219
    3969       2.4384
    3970       2.1511
    3971       2.4103
    3972       2.4621
    3973       2.4589
    3974       2.3477
    3975       2.4870
    3976       2.3332
    3977       2.3358
    3978       2.3619
    3979       2.2514
    3980       2.2118
    3981       2.3024
    3982       2.4776
    3983       2.5815
    3984       2.5382
    3985       2.4369
    3986       2.3673
    3987       2.7926
    3988       2.4275
    3989       2.3689
    3990       2.2815
    3991       2.2640
    3992       2.3788
    3993       2.3865
    3994       2.2938
    3995       2.2756
    3996       2.3404
    3997       2.5426
    3998       2.4487
    3999       2.4164
    4000       2.5034
