#Res        AtomicFlx
   1.000       6.0200
   2.000       6.5078
   3.000       2.3991
   4.000       2.1074
   5.000       1.2784
   6.000       1.2122
   7.000       1.9449
   8.000       1.1932
   9.000       1.0248
  10.000       1.3660
  11.000       1.6173
  12.000       1.1923
  13.000       1.4107
  14.000       1.1043
  15.000       2.9488
  16.000       1.1264
  17.000       1.5639
  18.000       0.9319
  19.000       0.9078
  20.000       0.8714
  21.000       0.7885
  22.000       1.1331
  23.000       1.7642
  24.000       0.8476
  25.000       0.8409
  26.000       1.1466
  27.000       1.4839
  28.000       1.0267
  29.000       1.4065
  30.000       1.4834
  31.000       1.4478
  32.000       1.1968
  33.000       1.6212
  34.000       1.4547
  35.000       1.3258
  36.000       1.2332
  37.000       0.9390
  38.000       0.9916
  39.000       0.9952
  40.000       1.0558
  41.000       0.9451
  42.000       1.1284
  43.000       1.0050
  44.000       1.3447
  45.000       0.9785
  46.000       1.1582
  47.000       0.8988
  48.000       0.9217
  49.000       1.5504
  50.000       1.0873
  51.000       0.8376
  52.000       0.9478
  53.000       1.4729
  54.000       0.9858
  55.000       1.0525
  56.000       1.0060
  57.000       2.0024
  58.000       1.3972
  59.000       0.9766
  60.000       1.1765
  61.000       1.0118
  62.000       1.0883
  63.000       1.1882
  64.000       1.2603
  65.000       1.2372
  66.000       1.4502
  67.000       1.3661
  68.000       1.1431
  69.000       2.0671
  70.000       1.4458
  71.000       1.0616
  72.000       1.5361
  73.000       1.4638
  74.000       1.2785
  75.000       1.0955
  76.000       1.7287
  77.000       1.4455
  78.000       1.2186
  79.000       1.6620
  80.000       1.2258
  81.000       1.4283
  82.000       1.8688
  83.000       1.7797
  84.000       1.0122
  85.000       1.2017
  86.000       1.1703
  87.000       1.2790
  88.000       1.3746
  89.000       1.2822
  90.000       1.7852
  91.000       1.4653
  92.000       2.2242
  93.000       2.1556
  94.000       1.5032
  95.000       1.6982
  96.000       1.5386
  97.000       1.6824
  98.000       1.9185
  99.000       1.7671
 100.000       1.1503
 101.000       1.2440
 102.000       1.0773
 103.000       0.9405
 104.000       0.8129
 105.000       0.7992
 106.000       1.1576
 107.000       1.0772
 108.000       1.0235
 109.000       0.9199
 110.000       1.0763
 111.000       1.0414
 112.000       0.9647
 113.000       1.1014
 114.000       1.1457
 115.000       1.3934
 116.000       1.6678
 117.000       1.5874
 118.000       1.3287
 119.000       1.4992
 120.000       1.2922
 121.000       0.9621
 122.000       1.1995
 123.000       1.3943
 124.000       1.1808
 125.000       1.3335
 126.000       1.5292
 127.000       1.4245
 128.000       1.2651
 129.000       1.4615
 130.000       1.6598
 131.000       1.6996
 132.000       1.2321
 133.000       1.2148
 134.000       0.9716
 135.000       1.0687
 136.000       0.7817
 137.000       0.8843
 138.000       1.1595
 139.000       0.9054
 140.000       1.0457
 141.000       0.9284
 142.000       0.9612
 143.000       1.0451
 144.000       0.8459
 145.000       0.9191
 146.000       0.8455
 147.000       1.0787
 148.000       1.1783
 149.000       1.7211
 150.000       1.7991
 151.000       1.0358
 152.000       1.0435
 153.000       1.5561
 154.000       1.5019
 155.000       1.2103
 156.000       1.4828
 157.000       1.4791
 158.000       1.4885
 159.000       1.6932
 160.000       2.6318
 161.000       1.4310
 162.000       1.4476
 163.000       2.5290
 164.000       2.1253
 165.000       2.0997
 166.000       1.4742
 167.000       1.1613
 168.000       1.1454
 169.000       1.0704
 170.000       1.0353
 171.000       1.3527
 172.000       1.2613
 173.000       1.4254
 174.000       1.3424
 175.000       1.3972
 176.000       2.4747
 177.000       1.7638
 178.000       1.4880
 179.000       1.3073
 180.000       1.9049
 181.000       1.9803
 182.000       1.3996
 183.000       1.1016
 184.000       1.1721
 185.000       1.8844
 186.000       1.7741
 187.000       0.9598
 188.000       1.0258
 189.000       1.0273
 190.000       1.3685
 191.000       1.8989
 192.000       1.4066
 193.000       2.0930
 194.000       2.0671
 195.000       3.0594
 196.000       2.4095
 197.000       1.2733
 198.000       1.2516
 199.000       1.2800
 200.000       1.9020
 201.000       1.2308
 202.000       1.2459
 203.000       1.4025
 204.000       1.3681
 205.000       1.1940
 206.000       1.3071
 207.000       1.2155
 208.000       1.0341
 209.000       1.3868
 210.000       1.8813
 211.000       1.2943
 212.000       1.9141
 213.000       1.7290
 214.000       1.7119
 215.000       1.8986
 216.000       1.6871
 217.000       2.1969
 218.000       1.8274
 219.000       1.2670
 220.000       1.5208
 221.000       1.1494
 222.000       1.3488
 223.000       1.1787
 224.000       2.0237
 225.000       1.2497
 226.000       2.0702
 227.000       1.5194
 228.000       1.7581
 229.000       2.1287
 230.000       1.7064
 231.000       1.3693
 232.000       1.2560
 233.000       0.9933
 234.000       0.8905
 235.000       0.7344
 236.000       0.7997
 237.000       0.7096
 238.000       0.7534
 239.000       0.8246
 240.000       0.7026
 241.000       0.9719
 242.000       0.9217
 243.000       0.7962
 244.000       0.8024
 245.000       1.0769
 246.000       1.1400
 247.000       1.4683
 248.000       1.4422
 249.000       1.5424
 250.000       1.0986
 251.000       0.8811
 252.000       2.2461
 253.000       1.0278
 254.000       0.9159
 255.000       0.7903
 256.000       0.9622
 257.000       1.3441
 258.000       1.5144
 259.000       1.3848
 260.000       1.2892
 261.000       1.6269
 262.000       1.0218
 263.000       1.8944
 264.000       1.0638
 265.000       1.3327
 266.000       0.9132
 267.000       0.8243
 268.000       0.9261
 269.000       0.7876
 270.000       0.8440
 271.000       1.0662
 272.000       1.2812
 273.000       1.0754
 274.000       1.0150
 275.000       1.2289
 276.000       1.7308
 277.000       1.4485
 278.000       1.9308
 279.000       1.8822
 280.000       1.9136
 281.000       1.8203
 282.000       1.7059
 283.000       1.3364
 284.000       1.4838
 285.000       1.2355
 286.000       1.2300
 287.000       1.0207
 288.000       1.2319
 289.000       1.1501
 290.000       1.4555
 291.000       1.4660
 292.000       1.5084
 293.000       2.3630
 294.000       1.8123
 295.000       1.9908
 296.000       1.2733
 297.000       1.1432
 298.000       1.4064
 299.000       1.1171
 300.000       1.1186
 301.000       1.1368
 302.000       1.2902
 303.000       1.1389
 304.000       1.8590
 305.000       1.5529
 306.000       2.5804
 307.000       2.3434
 308.000       2.1671
 309.000       2.1054
 310.000       1.6562
 311.000       1.9225
 312.000       1.0695
 313.000       1.2206
 314.000       0.9802
 315.000       1.4086
 316.000       0.9983
 317.000       1.3264
 318.000       1.0555
 319.000       1.4638
 320.000       1.8203
 321.000       1.2158
 322.000       2.0085
 323.000       2.0214
 324.000       1.5511
 325.000       2.2091
 326.000       3.7948
 327.000       3.9515
 328.000       3.5555
 329.000       1.7231
 330.000       1.9712
 331.000       1.4587
 332.000       1.4255
 333.000       1.9270
 334.000       1.2021
 335.000       1.1070
 336.000       1.4645
 337.000       1.3753
 338.000       1.0820
 339.000       1.5072
 340.000       1.0160
 341.000       2.2906
 342.000       1.2838
 343.000       1.0729
 344.000       0.9437
 345.000       1.0019
 346.000       0.9434
 347.000       1.0128
 348.000       1.1712
 349.000       1.9657
 350.000       0.9698
 351.000       0.9178
 352.000       1.3283
 353.000       1.6501
 354.000       1.1535
 355.000       1.4636
 356.000       1.6572
 357.000       1.5503
 358.000       1.1863
 359.000       1.7614
 360.000       1.5435
 361.000       1.3570
 362.000       1.2160
 363.000       0.9282
 364.000       0.9874
 365.000       0.7914
 366.000       0.8936
 367.000       0.9119
 368.000       0.9189
 369.000       1.0477
 370.000       1.1261
 371.000       0.9432
 372.000       0.9731
 373.000       0.7420
 374.000       0.8356
 375.000       1.8484
 376.000       0.8887
 377.000       0.8388
 378.000       0.9591
 379.000       1.5331
 380.000       1.0647
 381.000       1.1027
 382.000       1.0081
 383.000       1.9352
 384.000       1.4028
 385.000       0.9613
 386.000       1.1825
 387.000       0.9868
 388.000       1.2031
 389.000       1.2658
 390.000       1.3798
 391.000       1.3801
 392.000       1.5636
 393.000       1.2532
 394.000       1.2441
 395.000       2.0579
 396.000       1.4513
 397.000       1.1109
 398.000       1.5663
 399.000       1.3356
 400.000       1.1820
 401.000       1.0829
 402.000       1.6427
 403.000       1.3205
 404.000       1.1525
 405.000       1.5635
 406.000       1.1830
 407.000       1.3844
 408.000       1.8377
 409.000       1.7164
 410.000       1.0057
 411.000       1.2878
 412.000       1.2383
 413.000       1.3771
 414.000       1.5375
 415.000       1.3952
 416.000       1.8362
 417.000       1.4892
 418.000       2.1877
 419.000       2.3066
 420.000       1.6361
 421.000       1.8877
 422.000       1.7162
 423.000       2.0133
 424.000       2.2564
 425.000       2.0540
 426.000       1.3087
 427.000       1.3652
 428.000       1.1053
 429.000       1.0654
 430.000       0.9470
 431.000       0.6906
 432.000       0.8710
 433.000       0.8527
 434.000       1.1403
 435.000       0.8543
 436.000       1.2476
 437.000       1.2585
 438.000       1.1323
 439.000       1.2604
 440.000       1.1905
 441.000       1.7099
 442.000       2.1807
 443.000       1.6791
 444.000       1.1646
 445.000       1.4837
 446.000       1.2098
 447.000       0.8634
 448.000       1.1233
 449.000       1.3861
 450.000       1.1097
 451.000       1.2648
 452.000       1.5836
 453.000       1.4347
 454.000       1.4479
 455.000       1.9885
 456.000       1.9753
 457.000       1.8510
 458.000       1.4760
 459.000       1.6626
 460.000       1.0111
 461.000       1.3140
 462.000       0.7873
 463.000       1.0071
 464.000       1.1625
 465.000       0.9564
 466.000       1.1082
 467.000       0.9233
 468.000       0.9878
 469.000       0.9989
 470.000       0.8292
 471.000       0.9039
 472.000       0.8234
 473.000       1.3662
 474.000       1.2950
 475.000       1.5992
 476.000       1.7380
 477.000       1.0174
 478.000       1.0494
 479.000       1.5321
 480.000       1.4300
 481.000       0.9506
 482.000       1.3001
 483.000       1.1453
 484.000       1.2161
 485.000       1.2096
 486.000       1.7453
 487.000       1.4015
 488.000       1.2258
 489.000       2.0724
 490.000       2.0309
 491.000       1.8854
 492.000       1.5978
 493.000       1.2585
 494.000       1.4632
 495.000       1.3916
 496.000       1.1854
 497.000       1.5489
 498.000       1.2434
 499.000       1.6781
 500.000       1.5419
 501.000       1.3669
 502.000       2.1595
 503.000       1.5603
 504.000       1.3496
 505.000       1.2916
 506.000       1.6762
 507.000       1.8823
 508.000       1.4751
 509.000       1.0744
 510.000       1.1908
 511.000       2.1348
 512.000       1.3515
 513.000       0.8967
 514.000       0.8839
 515.000       0.9315
 516.000       1.2741
 517.000       1.1914
 518.000       1.0778
 519.000       1.6070
 520.000       1.5919
 521.000       2.1333
 522.000       1.4372
 523.000       1.1136
 524.000       1.2541
 525.000       1.1935
 526.000       1.8218
 527.000       1.1585
 528.000       1.2448
 529.000       1.3233
 530.000       1.2716
 531.000       1.1696
 532.000       1.1976
 533.000       1.2186
 534.000       0.9707
 535.000       1.4360
 536.000       1.9677
 537.000       1.2866
 538.000       1.9079
 539.000       1.6644
 540.000       1.8048
 541.000       1.8939
 542.000       1.5006
 543.000       2.1144
 544.000       1.8506
 545.000       1.3169
 546.000       1.6391
 547.000       1.2440
 548.000       1.4437
 549.000       1.2413
 550.000       1.9355
 551.000       1.2336
 552.000       2.1717
 553.000       1.5115
 554.000       1.7807
 555.000       2.2501
 556.000       1.7627
 557.000       1.4333
 558.000       1.3458
 559.000       1.1377
 560.000       0.9816
 561.000       0.7223
 562.000       0.8282
 563.000       0.6978
 564.000       0.7027
 565.000       0.8576
 566.000       1.0764
 567.000       0.9957
 568.000       0.8868
 569.000       0.8915
 570.000       1.2598
 571.000       1.2701
 572.000       1.3148
 573.000       1.6743
 574.000       1.7124
 575.000       1.6918
 576.000       1.3729
 577.000       1.0731
 578.000       1.9595
 579.000       1.2223
 580.000       0.9023
 581.000       0.8276
 582.000       0.9668
 583.000       1.1818
 584.000       1.4640
 585.000       1.4263
 586.000       1.3080
 587.000       1.3575
 588.000       0.9838
 589.000       1.4004
 590.000       1.0459
 591.000       1.2438
 592.000       0.8431
 593.000       0.7191
 594.000       0.9214
 595.000       0.6847
 596.000       0.8577
 597.000       1.0698
 598.000       1.4879
 599.000       1.3467
 600.000       1.2436
 601.000       1.4802
 602.000       1.9895
 603.000       1.4969
 604.000       2.0818
 605.000       1.8651
 606.000       1.8419
 607.000       1.8555
 608.000       1.7419
 609.000       1.3360
 610.000       1.4849
 611.000       1.2820
 612.000       1.3284
 613.000       1.1070
 614.000       1.3470
 615.000       1.1985
 616.000       1.5534
 617.000       1.5716
 618.000       1.6452
 619.000       2.6015
 620.000       1.8029
 621.000       2.2633
 622.000       1.3917
 623.000       1.2197
 624.000       1.4780
 625.000       1.1021
 626.000       1.1823
 627.000       1.2222
 628.000       1.4127
 629.000       1.2625
 630.000       1.8330
 631.000       1.5629
 632.000       2.3337
 633.000       2.1087
 634.000       1.8974
 635.000       1.7927
 636.000       1.6287
 637.000       1.8212
 638.000       1.3381
 639.000       1.5247
 640.000       1.5156
 641.000       1.3991
 642.000       0.9756
 643.000       1.3247
 644.000       1.1189
 645.000       1.5303
 646.000       1.7736
 647.000       1.2611
 648.000       1.4815
 649.000       2.2296
 650.000       1.3462
 651.000       3.9105
 652.000       5.3313
