#Res        AtomicFlx
   1.000       1.6475
   2.000       1.8915
   3.000       1.8964
   4.000       3.3888
   5.000       2.0307
   6.000       1.9620
   7.000       2.1063
   8.000       1.8498
   9.000       2.1085
  10.000       1.7930
  11.000       1.7142
  12.000       2.0071
  13.000       1.7750
  14.000       1.6364
  15.000       2.0834
  16.000       1.5606
  17.000       1.8783
  18.000       1.2629
  19.000       1.2795
  20.000       1.2357
  21.000       1.1924
  22.000       1.3395
  23.000       2.2587
  24.000       1.1526
  25.000       1.1605
  26.000       1.4410
  27.000       1.6801
  28.000       1.2994
  29.000       1.8164
  30.000       1.7173
  31.000       1.4644
  32.000       1.2373
  33.000       1.8360
  34.000       1.7896
  35.000       1.4558
  36.000       1.5280
  37.000       1.4177
  38.000       1.4541
  39.000       1.3322
  40.000       1.5593
  41.000       1.6344
  42.000       2.0722
  43.000       1.8187
  44.000       2.1988
  45.000       1.5044
  46.000       1.5165
  47.000       1.2648
  48.000       1.3399
  49.000       1.4091
  50.000       1.2252
  51.000       1.1592
  52.000       1.2300
  53.000       1.6373
  54.000       1.2901
  55.000       1.3373
  56.000       1.3177
  57.000       2.2340
  58.000       1.7987
  59.000       1.4761
  60.000       1.6562
  61.000       1.4385
  62.000       1.6807
  63.000       1.8327
  64.000       2.0507
  65.000       2.6676
  66.000       2.9052
  67.000       2.4010
  68.000       1.9656
  69.000       2.7857
  70.000       2.3900
  71.000       1.6994
  72.000       2.1118
  73.000       1.9683
  74.000       1.7033
  75.000       1.5502
  76.000       2.1260
  77.000       1.7645
  78.000       1.5602
  79.000       1.9653
  80.000       1.5443
  81.000       1.8629
  82.000       2.1954
  83.000       1.9982
  84.000       1.4742
  85.000       1.6789
  86.000       1.6952
  87.000       1.8771
  88.000       2.1028
  89.000       2.0655
  90.000       2.4715
  91.000       2.1228
  92.000       2.5320
  93.000       2.8540
  94.000       2.1294
  95.000       2.2487
  96.000       2.0152
  97.000       2.1417
  98.000       2.3156
  99.000       2.0788
 100.000       1.4930
 101.000       1.4837
 102.000       1.2701
 103.000       1.3214
 104.000       1.2381
 105.000       1.1605
 106.000       1.2741
 107.000       1.2908
 108.000       1.6696
 109.000       1.4852
 110.000       2.4222
 111.000       1.4792
 112.000       1.4519
 113.000       1.5367
 114.000       1.6545
 115.000       1.8217
 116.000       2.4506
 117.000       1.8544
 118.000       1.5759
 119.000       2.0085
 120.000       1.7677
 121.000       1.3547
 122.000       1.6685
 123.000       1.9355
 124.000       1.6032
 125.000       1.7515
 126.000       2.0196
 127.000       1.8208
 128.000       1.5397
 129.000       1.7090
 130.000       1.8567
 131.000       1.8224
 132.000       1.4031
 133.000       1.1971
 134.000       1.2507
 135.000       1.0547
 136.000       1.0609
 137.000       1.1218
 138.000       1.3706
 139.000       1.2273
 140.000       1.3042
 141.000       1.2156
 142.000       1.1252
 143.000       1.3919
 144.000       1.2579
 145.000       1.3713
 146.000       1.2707
 147.000       1.6023
 148.000       1.4292
 149.000       1.6213
 150.000       1.7864
 151.000       1.3833
 152.000       1.8370
 153.000       1.7005
 154.000       1.6973
 155.000       1.7308
 156.000       1.9090
 157.000       1.5024
 158.000       2.2668
 159.000       2.0261
 160.000       2.0549
 161.000       2.3139
 162.000       2.3804
 163.000       2.2232
 164.000       3.4349
 165.000       2.6741
 166.000       2.6469
 167.000       1.7794
 168.000       2.3322
 169.000       1.6876
 170.000       1.4952
 171.000       1.9578
 172.000       1.7199
 173.000       1.8627
 174.000       2.0092
 175.000       2.0540
 176.000       2.2520
 177.000       1.7982
 178.000       1.8238
 179.000       1.6065
 180.000       1.5029
 181.000       1.7438
 182.000       1.6598
 183.000       1.4636
 184.000       1.4695
 185.000       1.9374
 186.000       1.8425
 187.000       1.1997
 188.000       1.2180
 189.000       1.1052
 190.000       1.2480
 191.000       1.6941
 192.000       1.7059
 193.000       1.9255
 194.000       1.8200
 195.000       2.0996
 196.000       1.5095
 197.000       1.4282
 198.000       1.8861
 199.000       1.5207
 200.000       2.0588
 201.000       1.3175
 202.000       1.4871
 203.000       1.3726
 204.000       1.5041
 205.000       1.4366
 206.000       1.4538
 207.000       1.4238
 208.000       1.4976
 209.000       1.6073
 210.000       2.0493
 211.000       1.6259
 212.000       2.3697
 213.000       2.5336
 214.000       2.1587
 215.000       2.1120
 216.000       1.8979
 217.000       2.1060
 218.000       1.9530
 219.000       1.5079
 220.000       1.8117
 221.000       1.4486
 222.000       1.6224
 223.000       1.5409
 224.000       2.1394
 225.000       1.6857
 226.000       2.5665
 227.000       2.2742
 228.000       2.5812
 229.000       2.8298
 230.000       2.3277
 231.000       1.9449
 232.000       1.7381
 233.000       1.5061
 234.000       1.3749
 235.000       1.2620
 236.000       1.3439
 237.000       1.1623
 238.000       1.6618
 239.000       1.0616
 240.000       1.3216
 241.000       1.1993
 242.000       1.1451
 243.000       0.9967
 244.000       1.0146
 245.000       1.3131
 246.000       1.3256
 247.000       1.5808
 248.000       1.9256
 249.000       1.8681
 250.000       1.2873
 251.000       1.1807
 252.000       1.6517
 253.000       1.0336
 254.000       1.1550
 255.000       1.3606
 256.000       1.9635
 257.000       2.0320
 258.000       3.0511
 259.000       3.4117
 260.000       3.4458
 261.000       2.6719
 262.000       1.7561
 263.000       1.0705
 264.000       1.2223
 265.000       1.2552
 266.000       1.1826
 267.000       1.1185
 268.000       1.1436
 269.000       1.3211
 270.000       1.2558
 271.000       1.5785
 272.000       1.7933
 273.000       1.6145
 274.000       1.5507
 275.000       1.7585
 276.000       2.3540
 277.000       2.0350
 278.000       2.5353
 279.000       2.4336
 280.000       2.4144
 281.000       2.2386
 282.000       2.1237
 283.000       1.8162
 284.000       1.8525
 285.000       1.6431
 286.000       1.6489
 287.000       1.4789
 288.000       1.6225
 289.000       1.4739
 290.000       1.6750
 291.000       1.6629
 292.000       1.9202
 293.000       2.8053
 294.000       2.1803
 295.000       2.1258
 296.000       1.5618
 297.000       1.5106
 298.000       1.7135
 299.000       1.4473
 300.000       1.5377
 301.000       1.5990
 302.000       1.7355
 303.000       1.6636
 304.000       2.2296
 305.000       1.9848
 306.000       2.7493
 307.000       2.4824
 308.000       2.3986
 309.000       2.3719
 310.000       2.0326
 311.000       2.2903
 312.000       1.7270
 313.000       1.6826
 314.000       1.4507
 315.000       1.7718
 316.000       1.4652
 317.000       1.7120
 318.000       1.3197
 319.000       1.7579
 320.000       1.6861
 321.000       1.2150
 322.000       2.0170
 323.000       1.7396
 324.000       1.6070
 325.000       3.5920
 326.000       5.5608
 327.000       7.2383
 328.000       6.6892
 329.000       5.1183
 330.000       4.9598
 331.000       3.1260
 332.000       2.8732
 333.000       3.7207
 334.000       4.4909
 335.000       3.5843
 336.000       1.7379
 337.000       1.8706
 338.000       2.9921
 339.000       2.4028
 340.000       2.1157
 341.000       1.6857
 342.000       1.6337
 343.000       1.7453
 344.000       1.3564
 345.000       1.1722
 346.000       1.2831
 347.000       1.1385
 348.000       1.3486
 349.000       2.2055
 350.000       1.1751
 351.000       1.0966
 352.000       1.4184
 353.000       1.7481
 354.000       1.2377
 355.000       1.7796
 356.000       1.6899
 357.000       1.4318
 358.000       1.2888
 359.000       1.8264
 360.000       1.7653
 361.000       1.4452
 362.000       1.5207
 363.000       1.2085
 364.000       1.3606
 365.000       1.3364
 366.000       1.5159
 367.000       1.4684
 368.000       2.1056
 369.000       2.1610
 370.000       2.4855
 371.000       1.5967
 372.000       1.3488
 373.000       1.0127
 374.000       1.1019
 375.000       1.3111
 376.000       1.1121
 377.000       1.0160
 378.000       1.2265
 379.000       1.6280
 380.000       1.2705
 381.000       1.3670
 382.000       1.2912
 383.000       2.3368
 384.000       1.7903
 385.000       1.2993
 386.000       1.6384
 387.000       1.4754
 388.000       1.6940
 389.000       1.7241
 390.000       1.9331
 391.000       2.4136
 392.000       2.5382
 393.000       2.0987
 394.000       1.9297
 395.000       2.7519
 396.000       2.1757
 397.000       1.6936
 398.000       2.2192
 399.000       1.9837
 400.000       1.6560
 401.000       1.6741
 402.000       2.3497
 403.000       1.9749
 404.000       1.6857
 405.000       2.1109
 406.000       1.6253
 407.000       1.9966
 408.000       2.1787
 409.000       2.0489
 410.000       1.4492
 411.000       1.7102
 412.000       1.7728
 413.000       1.9264
 414.000       2.1687
 415.000       2.1555
 416.000       2.8256
 417.000       2.3976
 418.000       2.9780
 419.000       3.2370
 420.000       2.4972
 421.000       2.6145
 422.000       2.2470
 423.000       2.4955
 424.000       2.6039
 425.000       2.1633
 426.000       1.5399
 427.000       1.4990
 428.000       1.2813
 429.000       1.2547
 430.000       1.1862
 431.000       1.0604
 432.000       1.2707
 433.000       1.4633
 434.000       2.4041
 435.000       2.0267
 436.000       3.0469
 437.000       2.7213
 438.000       2.0550
 439.000       2.1967
 440.000       2.2393
 441.000       2.2606
 442.000       2.3577
 443.000       2.4457
 444.000       2.0500
 445.000       2.2147
 446.000       1.9790
 447.000       1.4793
 448.000       1.8305
 449.000       2.3503
 450.000       1.7335
 451.000       1.7494
 452.000       2.1864
 453.000       1.9901
 454.000       1.6613
 455.000       1.8338
 456.000       2.0154
 457.000       1.8355
 458.000       1.4452
 459.000       1.2356
 460.000       1.2536
 461.000       0.9457
 462.000       1.0089
 463.000       1.1785
 464.000       1.4522
 465.000       1.4440
 466.000       1.4501
 467.000       1.3844
 468.000       1.2246
 469.000       1.4009
 470.000       1.2062
 471.000       1.3545
 472.000       1.0215
 473.000       1.5528
 474.000       1.2834
 475.000       1.5749
 476.000       1.7717
 477.000       1.2288
 478.000       1.3574
 479.000       1.7336
 480.000       1.7294
 481.000       1.6317
 482.000       1.7801
 483.000       1.6082
 484.000       2.3542
 485.000       2.0534
 486.000       1.9381
 487.000       2.1336
 488.000       1.7799
 489.000       2.1974
 490.000       2.7446
 491.000       2.1127
 492.000       2.0648
 493.000       2.2318
 494.000       3.1688
 495.000       1.7683
 496.000       1.5856
 497.000       1.8729
 498.000       1.7373
 499.000       1.9915
 500.000       2.0194
 501.000       2.0191
 502.000       2.5478
 503.000       2.0414
 504.000       1.8784
 505.000       1.7298
 506.000       1.9952
 507.000       2.2307
 508.000       1.9714
 509.000       1.9345
 510.000       1.8105
 511.000       2.2242
 512.000       2.0524
 513.000       1.6168
 514.000       1.2375
 515.000       1.3499
 516.000       1.3268
 517.000       1.7053
 518.000       1.4572
 519.000       2.1896
 520.000       2.2924
 521.000       2.2517
 522.000       1.6633
 523.000       1.3577
 524.000       1.8418
 525.000       1.5436
 526.000       2.1493
 527.000       1.4760
 528.000       1.7127
 529.000       1.6526
 530.000       1.9863
 531.000       1.7176
 532.000       1.7144
 533.000       1.5756
 534.000       1.6208
 535.000       1.7031
 536.000       2.1860
 537.000       1.8257
 538.000       2.5400
 539.000       2.6661
 540.000       2.4659
 541.000       2.3822
 542.000       2.2775
 543.000       3.0386
 544.000       2.9407
 545.000       2.0208
 546.000       2.4479
 547.000       1.8675
 548.000       2.1850
 549.000       1.9611
 550.000       2.6268
 551.000       1.8211
 552.000       2.9604
 553.000       2.5395
 554.000       2.9863
 555.000       3.0253
 556.000       2.6305
 557.000       2.0575
 558.000       1.6720
 559.000       1.4882
 560.000       1.1246
 561.000       1.1524
 562.000       1.3039
 563.000       1.0016
 564.000       1.5384
 565.000       0.9405
 566.000       1.5506
 567.000       1.3946
 568.000       1.0008
 569.000       1.0062
 570.000       1.0453
 571.000       1.3775
 572.000       1.3939
 573.000       1.7331
 574.000       2.2962
 575.000       2.2480
 576.000       1.6787
 577.000       1.4644
 578.000       2.2920
 579.000       1.1825
 580.000       1.6660
 581.000       2.0352
 582.000       2.5128
 583.000       3.1893
 584.000       3.8809
 585.000       3.2549
 586.000       2.9460
 587.000       2.4832
 588.000       1.4856
 589.000       1.0356
 590.000       1.0558
 591.000       1.5634
 592.000       1.0309
 593.000       1.1437
 594.000       0.9552
 595.000       1.3582
 596.000       1.3190
 597.000       1.5931
 598.000       2.0420
 599.000       1.7727
 600.000       1.6015
 601.000       2.0100
 602.000       2.8459
 603.000       2.3134
 604.000       3.0862
 605.000       3.0026
 606.000       3.0652
 607.000       2.9489
 608.000       2.6621
 609.000       2.0588
 610.000       2.4451
 611.000       2.2071
 612.000       2.2186
 613.000       1.8749
 614.000       2.3005
 615.000       1.9968
 616.000       2.7147
 617.000       2.8516
 618.000       3.1517
 619.000       4.1376
 620.000       3.5094
 621.000       3.4176
 622.000       2.6437
 623.000       2.2901
 624.000       2.5878
 625.000       1.9800
 626.000       2.1982
 627.000       2.0239
 628.000       2.3247
 629.000       2.2126
 630.000       2.8409
 631.000       2.6523
 632.000       3.6025
 633.000       3.7470
 634.000       3.1511
 635.000       3.1177
 636.000       2.6691
 637.000       2.9124
 638.000       2.2079
 639.000       2.2617
 640.000       1.9006
 641.000       2.3797
 642.000       1.9129
 643.000       2.3386
 644.000       2.1918
 645.000       2.9711
 646.000       2.9318
 647.000       2.1116
 648.000       2.0762
 649.000       2.3748
 650.000       1.9020
 651.000       4.1426
 652.000       5.1812
